# Minitial =  3.50 msun, Z = 0.0016, Mfinal = 0.844 msun, with c13 pocket
  species    A      yield       mass(i)_lost    mass(i)_0        <X(i)>          X0(i)   log10(<X(i)>/X0(i)) 
      n      1   0.0000000E+00  0.0000000E+00  0.0000000E+00  0.0000000E+00  0.0000000E+00  0.0000000E+00
      p      1  -7.2636843E-02  1.9687538E+00  2.0413907E+00  7.4124765E-01  7.6864678E-01 -1.5763469E-02
      d      2   1.7544722E-17  1.7544722E-17  0.0000000E+00  6.6056936E-18  0.0000000E+00  0.0000000E+00
    he3      3   2.3913095E-04  2.3913433E-04  3.3784140E-09  9.0035508E-05  1.2720773E-09  4.8499002E+00
    he4      4   5.8625519E-02  6.6870546E-01  6.1007994E-01  2.5177163E-01  2.2971398E-01  3.9819371E-02
    li7      7   3.4135123E-08  3.5934093E-08  1.7989709E-09  1.3529402E-08  6.7736822E-10  1.3004538E+00
    be7      7   5.6102478E-10  5.6102478E-10  0.0000000E+00  2.1122920E-10  0.0000000E+00  0.0000000E+00
     b8      8   1.4676575E-24  1.4676575E-24  0.0000000E+00  5.5258183E-25  0.0000000E+00  0.0000000E+00
    c12     12   1.1366531E-02  1.1929005E-02  5.6247402E-04  4.4913422E-03  2.1178889E-04  1.3264730E+00
    c13     13   5.8586484E-05  5.8587728E-05  1.2436919E-09  2.2058632E-05  4.6828852E-10  4.6730652E+00
    c14     14   9.6553016E-08  9.6553016E-08  0.0000000E+00  3.6352791E-08  0.0000000E+00  0.0000000E+00
    n13     13   0.0000000E+00  0.0000000E+00  0.0000000E+00  0.0000000E+00  0.0000000E+00  0.0000000E+00
    n14     14   3.2631322E-04  3.2669882E-04  3.8559600E-07  1.2300407E-04  1.4518884E-07  2.9279861E+00
    n15     15   9.5708375E-09  9.5834150E-09  1.2577420E-11  3.6082133E-09  4.7357882E-12  2.8818998E+00
    o14     14   0.0000000E+00  0.0000000E+00  0.0000000E+00  0.0000000E+00  0.0000000E+00  0.0000000E+00
    o15     15   0.0000000E+00  0.0000000E+00  0.0000000E+00  0.0000000E+00  0.0000000E+00  0.0000000E+00
    o16     16   3.1660125E-04  3.1030066E-03  2.7864054E-03  1.1683006E-03  1.0491678E-03  4.6709657E-02
    o17     17   6.8148156E-06  6.8149675E-06  1.5207112E-10  2.5658762E-06  5.7259482E-11  4.6513882E+00
    o18     18   1.6884398E-08  1.7162495E-08  2.7809763E-10  6.4617827E-09  1.0471237E-10  1.7903544E+00
    o19     19   0.0000000E+00  0.0000000E+00  0.0000000E+00  0.0000000E+00  0.0000000E+00  0.0000000E+00
    f17     17   0.0000000E+00  0.0000000E+00  0.0000000E+00  0.0000000E+00  0.0000000E+00  0.0000000E+00
    f18     18   0.0000000E+00  0.0000000E+00  0.0000000E+00  0.0000000E+00  0.0000000E+00  0.0000000E+00
    f19     19   5.7767448E-07  5.7768568E-07  1.1202947E-11  2.1750213E-07  4.2182564E-12  4.7123303E+00
    f20     20   0.0000000E+00  0.0000000E+00  0.0000000E+00  0.0000000E+00  0.0000000E+00  0.0000000E+00
   ne19     19   0.0000000E+00  0.0000000E+00  0.0000000E+00  0.0000000E+00  0.0000000E+00  0.0000000E+00
   ne20     20   1.8382940E-05  2.7070157E-04  2.5231863E-04  1.0192076E-04  9.5005780E-05  3.0512651E-02
   ne21     21   1.7475797E-06  1.7773082E-06  2.9728451E-08  6.6916721E-07  1.1193682E-08  1.7765617E+00
   ne22     22   1.4232270E-03  1.4232532E-03  2.6159867E-08  5.3586339E-04  9.8499990E-09  4.7356181E+00
   ne23     23   0.0000000E+00  0.0000000E+00  0.0000000E+00  0.0000000E+00  0.0000000E+00  0.0000000E+00
   na21     21   0.0000000E+00  0.0000000E+00  0.0000000E+00  0.0000000E+00  0.0000000E+00  0.0000000E+00
   na22     22   2.4860973E-14  2.4860973E-14  0.0000000E+00  9.3603053E-15  0.0000000E+00  0.0000000E+00
   na23     23   1.8125662E-05  1.9392253E-05  1.2665918E-06  7.3012998E-06  4.7691100E-07  1.1849629E+00
   na24     24   0.0000000E+00  0.0000000E+00  0.0000000E+00  0.0000000E+00  0.0000000E+00  0.0000000E+00
   mg23     23   0.0000000E+00  0.0000000E+00  0.0000000E+00  0.0000000E+00  0.0000000E+00  0.0000000E+00
   mg24     24   7.4254349E-06  1.5571869E-04  1.4829326E-04  5.8629023E-05  5.5836997E-05  2.1190612E-02
   mg25     25   6.2858468E-05  6.2971281E-05  1.1281301E-07  2.3709066E-05  4.2477584E-08  2.7467546E+00
   mg26     26   1.5183788E-04  1.5194665E-04  1.0876262E-07  5.7208825E-05  4.0952493E-08  3.1451826E+00
   mg27     27   0.0000000E+00  0.0000000E+00  0.0000000E+00  0.0000000E+00  0.0000000E+00  0.0000000E+00
   al25     25   0.0000000E+00  0.0000000E+00  0.0000000E+00  0.0000000E+00  0.0000000E+00  0.0000000E+00
   al-6     26   6.8768298E-09  6.8768298E-09  0.0000000E+00  2.5891678E-09  0.0000000E+00  0.0000000E+00
   al*6     26   0.0000000E+00  0.0000000E+00  0.0000000E+00  0.0000000E+00  0.0000000E+00  0.0000000E+00
   al27     27   3.6216593E-06  4.9468899E-06  1.3252306E-06  1.8625337E-06  4.9899035E-07  5.7201201E-01
   al28     28   0.0000000E+00  0.0000000E+00  0.0000000E+00  0.0000000E+00  0.0000000E+00  0.0000000E+00
   si27     27   0.0000000E+00  0.0000000E+00  0.0000000E+00  0.0000000E+00  0.0000000E+00  0.0000000E+00
   si28     28   4.1740714E-06  3.2634195E-04  3.2216788E-04  1.2286971E-04  1.2130618E-04  5.5619180E-03
   si29     29   1.4519285E-06  1.6473373E-06  1.9540883E-07  6.2023236E-07  7.3577475E-08  9.2580956E-01
   si30     30   2.4665701E-06  2.5766076E-06  1.1003749E-07  9.7010820E-07  4.1432521E-08  1.3694788E+00
   si31     31   0.0000000E+00  0.0000000E+00  0.0000000E+00  0.0000000E+00  0.0000000E+00  0.0000000E+00
   si32     32   1.9092127E-11  1.9092127E-11  0.0000000E+00  7.1883007E-12  0.0000000E+00  0.0000000E+00
   si33     33   0.0000000E+00  0.0000000E+00  0.0000000E+00  0.0000000E+00  0.0000000E+00  0.0000000E+00
    p29     29   0.0000000E+00  0.0000000E+00  0.0000000E+00  0.0000000E+00  0.0000000E+00  0.0000000E+00
    p30     30   0.0000000E+00  0.0000000E+00  0.0000000E+00  0.0000000E+00  0.0000000E+00  0.0000000E+00
    p31     31   1.3166206E-06  1.3636408E-06  4.7020190E-08  5.1341891E-07  1.7704558E-08  1.4623868E+00
    p32     32   4.8738555E-15  4.8738555E-15  0.0000000E+00  1.8350359E-15  0.0000000E+00  0.0000000E+00
    p33     33   1.0030450E-26  1.0030450E-26  0.0000000E+00  3.7765244E-27  0.0000000E+00  0.0000000E+00
    p34     34   0.0000000E+00  0.0000000E+00  0.0000000E+00  0.0000000E+00  0.0000000E+00  0.0000000E+00
    s32     32  -7.2195689E-07  1.2118991E-04  1.2191186E-04  4.5628727E-05  4.5903591E-05 -2.6082953E-03
    s33     33   3.7533617E-08  8.2076092E-08  4.4542475E-08  3.0902143E-08  1.6771621E-08  2.6541358E-01
    s34     34   6.4719288E-08  2.7061131E-07  2.0589202E-07  1.0188678E-07  7.7524717E-08  1.1867767E-01
    s35     35   2.6599477E-07  2.6599477E-07  0.0000000E+00  1.0014863E-07  0.0000000E+00  0.0000000E+00
   fe54     54  -7.9565154E-09  4.0079968E-07  4.0875619E-07  1.5090349E-07  1.5390937E-07 -8.5657686E-03
   fe55     55   1.1296077E-10  1.1296077E-10  0.0000000E+00  4.2530406E-11  0.0000000E+00  0.0000000E+00
   fe56     56  -2.4842593E-06  1.4323162E-04  1.4571588E-04  5.3927564E-05  5.4866541E-05 -7.4967649E-03
   fe57     57   9.1837478E-08  1.3713958E-06  1.2795583E-06  5.1633873E-07  4.8179334E-07  3.0073898E-02
   fe58     58   5.6290196E-07  5.6290207E-07  8.6944225E-14  2.1193601E-07  3.2737190E-14  6.8111634E+00
   fe59     59   2.3793500E-29  2.3793500E-29  0.0000000E+00  8.9583954E-30  0.0000000E+00  0.0000000E+00
   fe60     60   4.8412255E-07  4.8412255E-07  0.0000000E+00  1.8227504E-07  0.0000000E+00  0.0000000E+00
   co59     59   2.1890372E-07  6.1863778E-07  3.9973406E-07  2.3292084E-07  1.5051225E-07  1.8963651E-01
   co60     60   1.6668201E-12  1.6668201E-12  0.0000000E+00  6.2756777E-13  0.0000000E+00  0.0000000E+00
   ni58     58  -1.5653586E-07  7.8562289E-06  8.0127647E-06  2.9579173E-06  3.0170536E-06 -8.5970033E-03
   ni59     59   2.5930219E-10  2.5930219E-10  0.0000000E+00  9.7628829E-11  0.0000000E+00  0.0000000E+00
   ni60     60   1.2158080E-07  1.2846384E-07  6.8830404E-09  4.8367408E-08  2.5916778E-09  1.2709718E+00
   ni61     61   1.0573856E-07  1.0574952E-07  1.0955624E-11  3.9815330E-08  4.1251317E-12  3.9846125E+00
   ni62     62   3.6945244E-07  3.6945244E-07  9.5971975E-15  1.3910106E-07  3.6136420E-15  7.5853853E+00
   ni63     63   5.0035514E-11  5.0035514E-11  0.0000000E+00  1.8838672E-11  0.0000000E+00  0.0000000E+00
   ni64     64   2.0507440E-07  2.0507441E-07  1.5915517E-14  7.7211752E-08  5.9926844E-15  7.1100621E+00
   cu63     63   1.1449354E-07  1.2591362E-07  1.1420075E-08  4.7407234E-08  4.3000115E-09  1.0423750E+00
   cu64     64   0.0000000E+00  0.0000000E+00  0.0000000E+00  0.0000000E+00  0.0000000E+00  0.0000000E+00
   cu65     65   3.7293628E-08  5.1266863E-08  1.3973234E-08  1.9302282E-08  5.2613554E-09  5.6451106E-01
   zn64     64  -3.7584869E-09  2.0351889E-07  2.0727738E-07  7.6626087E-08  7.8046348E-08 -7.9759350E-03
   zn65     65   5.0822589E-24  5.0822589E-24  0.0000000E+00  1.9135010E-24  0.0000000E+00  0.0000000E+00
   zn66     66   3.5390556E-08  3.5396841E-08  6.2834512E-12  1.3327123E-08  2.3659139E-12  3.7507374E+00
   zn67     67   7.6691595E-09  7.6706055E-09  1.4456387E-12  2.8880289E-09  5.4432771E-13  3.7247412E+00
   zn68     68   4.6453316E-08  4.6722548E-08  2.6923089E-10  1.7591320E-08  1.0137376E-10  2.2393730E+00
   zn69     69   0.0000000E+00  0.0000000E+00  0.0000000E+00  0.0000000E+00  0.0000000E+00  0.0000000E+00
   zn70     70   4.0084233E-10  4.0084233E-10  0.0000000E+00  1.5091954E-10  0.0000000E+00  0.0000000E+00
   ga69     69   6.3886318E-09  1.4276455E-08  7.8878228E-09  5.3751710E-09  2.9700096E-09  2.5763443E-01
   ga70     70   0.0000000E+00  0.0000000E+00  0.0000000E+00  0.0000000E+00  0.0000000E+00  0.0000000E+00
   ga71     71   5.8344258E-09  1.0312139E-08  4.4777129E-09  3.8825823E-09  1.6859976E-09  3.6226371E-01
   ge70     70   9.7892707E-09  1.2769553E-08  2.9802816E-09  4.8078133E-09  1.1221682E-09  6.3188964E-01
   ge71     71   6.9823667E-37  6.9823667E-37  0.0000000E+00  2.6289030E-37  0.0000000E+00  0.0000000E+00
   ge72     72   9.5918864E-09  2.0523222E-08  1.0931336E-08  7.7271167E-09  4.1159862E-09  2.7354357E-01
   ge73     73   2.8035794E-09  6.4862684E-09  3.6826890E-09  2.4421190E-09  1.3866464E-09  2.4580112E-01
   ge74     74   1.2297667E-08  3.0005793E-08  1.7708127E-08  1.1297361E-08  6.6676575E-09  2.2900374E-01
   as75     75   1.1045642E-09  4.2646562E-09  3.1600920E-09  1.6056687E-09  1.1898724E-09  1.3015553E-01
   se76     76   4.0373562E-09  5.0417461E-09  1.0043897E-09  1.8982478E-09  3.7818382E-10  7.0064998E-01
   se77     77   1.5743846E-09  3.6102703E-09  2.0358857E-09  1.3592885E-09  7.6657397E-10  2.4875756E-01
   se78     78   1.0371373E-08  1.6019779E-08  5.6484057E-09  6.0315433E-09  2.1267994E-09  4.5270193E-01
   se79     79   1.9630364E-09  1.9630364E-09  0.0000000E+00  7.3909501E-10  0.0000000E+00  0.0000000E+00
   se80     80   1.3153700E-08  2.8704815E-08  1.5551114E-08  1.0807535E-08  5.8554761E-09  2.6616445E-01
   br79     79   3.8839321E-10  5.6957528E-10  1.8118207E-10  2.1444851E-10  6.8220651E-11  4.9740720E-01
   br80     80   0.0000000E+00  0.0000000E+00  0.0000000E+00  0.0000000E+00  0.0000000E+00  0.0000000E+00
   br81     81   1.7072486E-09  6.7168786E-09  5.0096300E-09  2.5289451E-09  1.8862807E-09  1.2733307E-01
   kr80     80  -4.6033177E-12  2.2723237E-10  2.3183569E-10  8.5554355E-11  8.7293311E-11 -8.7388391E-03
   kr81     81   2.8494478E-15  2.8494478E-15  0.0000000E+00  1.0728342E-15  0.0000000E+00  0.0000000E+00
   kr82     82   6.2036092E-09  7.6482811E-09  1.4446719E-09  2.8796239E-09  5.4396371E-10  7.2376585E-01
   kr83     83   2.1431752E-09  4.8308628E-09  2.6876876E-09  1.8188488E-09  1.0119976E-09  2.5461712E-01
   kr84     84   1.4762101E-08  2.8063713E-08  1.3301612E-08  1.0566157E-08  5.0084683E-09  3.2421210E-01
   kr-5     85  -2.8051468E-17 -2.8051468E-17  0.0000000E+00 -1.0561546E-17  0.0000000E+00  0.0000000E+00
   kr*5     85   0.0000000E+00  0.0000000E+00  0.0000000E+00  0.0000000E+00  0.0000000E+00  0.0000000E+00
   kr86     86   8.5373408E-08  8.8258055E-08  2.8846503E-09  3.3229689E-08  1.0861602E-09  1.4856324E+00
   rb85     85   5.3285052E-09  7.1858004E-09  1.8572951E-09  2.7054969E-09  6.9932904E-10  5.8756554E-01
   rb86     86   3.6112647E-35  3.6112647E-35  0.0000000E+00  1.3596628E-35  0.0000000E+00  0.0000000E+00
   rb87     87   1.4988577E-08  1.5597333E-08  6.0875588E-10  5.8724896E-09  2.2921542E-10  1.4085784E+00
   sr86     86   2.8008973E-09  3.3162011E-09  5.1530374E-10  1.2485696E-09  1.9402781E-10  8.0854881E-01
   sr87     87   1.2876438E-09  1.6439781E-09  3.5633424E-10  6.1896760E-10  1.3417087E-10  6.6400969E-01
   sr88     88   4.0188585E-08  4.6031285E-08  5.8427014E-09  1.7331056E-08  2.1999580E-09  8.9641064E-01
   sr89     89   7.2532252E-30  7.2532252E-30  0.0000000E+00  2.7308829E-30  0.0000000E+00  0.0000000E+00
   sr90     90   1.5673751E-13  1.5673751E-13  0.0000000E+00  5.9012616E-14  0.0000000E+00  0.0000000E+00
    y89     89   1.2189289E-08  1.3865313E-08  1.6760244E-09  5.2203739E-09  6.3107508E-10  9.1762054E-01
    y90     90   3.9637717E-17  3.9637717E-17  0.0000000E+00  1.4923839E-17  0.0000000E+00  0.0000000E+00
    y91     91   2.7453809E-29  2.7453809E-29  0.0000000E+00  1.0336524E-29  0.0000000E+00  0.0000000E+00
   zr90     90   1.0420025E-08  1.2212242E-08  1.7922167E-09  4.5979824E-09  6.7482503E-10  8.3337611E-01
   zr91     91   3.1387000E-09  3.4637551E-09  3.2505520E-10  1.3041246E-09  1.2239335E-10  1.0275613E+00
   zr92     92   6.5789942E-09  7.2697981E-09  6.9080386E-10  2.7371225E-09  2.6010902E-10  1.0221388E+00
   zr93     93   2.0109769E-09  2.0109769E-09  0.0000000E+00  7.5714490E-10  0.0000000E+00  0.0000000E+00
   zr94     94   7.8088247E-09  8.3728624E-09  5.6403787E-10  3.1524330E-09  2.1237773E-10  1.1715369E+00
   zr95     95   1.6031254E-28  1.6031254E-28  0.0000000E+00  6.0358632E-29  0.0000000E+00  0.0000000E+00
   zr96     96   1.0676943E-08  1.0882279E-08  2.0533619E-10  4.0972434E-09  7.7315425E-11  1.7242256E+00
   nb93     93   8.7603924E-11  3.8586448E-10  2.9826056E-10  1.4528029E-10  1.1230433E-10  1.1181020E-01
   nb94     94   1.1306055E-16  1.1306055E-16  0.0000000E+00  4.2567978E-17  0.0000000E+00  0.0000000E+00
   nb95     95   1.9319570E-28  1.9319570E-28  0.0000000E+00  7.2739341E-29  0.0000000E+00  0.0000000E+00
   mo94     94  -2.2257682E-12  1.1006251E-10  1.1228828E-10  4.1439199E-11  4.2280013E-11 -8.7237582E-03
   mo95     95   9.5141461E-10  1.1466487E-09  1.9523407E-10  4.3172010E-10  7.3511669E-11  7.6884598E-01
   mo96     96   1.7037994E-09  1.8332322E-09  1.2943277E-10  6.9022293E-10  4.8735443E-11  1.1511445E+00
   mo97     97   8.5274637E-10  9.5586561E-10  1.0311923E-10  3.5988915E-10  3.8827584E-11  9.6702838E-01
   mo98     98   2.5138611E-09  2.7218172E-09  2.0795599E-10  1.0247805E-09  7.8301865E-11  1.1168587E+00
   tc99     99   2.3124713E-10  2.3124713E-10  0.0000000E+00  8.7065931E-11  0.0000000E+00  0.0000000E+00
   ru99     99   7.9798723E-11  9.3567973E-11  1.3769252E-11  3.5228903E-11  5.1845494E-12  8.3218807E-01
  ru100    100   1.0925166E-09  1.1612057E-09  6.8689103E-11  4.3720091E-10  2.5863572E-11  1.2279925E+00
  ru101    101   2.2622043E-10  4.3210313E-10  2.0588270E-10  1.6268942E-10  7.7521205E-11  3.2193878E-01
  ru102    102   1.3616221E-09  1.6749844E-09  3.1336223E-10  6.3064165E-10  1.1799059E-10  7.2793531E-01
  rh103    103   2.1958280E-10  4.4789322E-10  2.2831043E-10  1.6863448E-10  8.5965943E-11  2.9261994E-01
  pd104    104   7.0954592E-10  7.5825224E-10  4.8706317E-11  2.8548652E-10  1.8339436E-11  1.1921997E+00
  pd105    105   1.7231863E-10  3.8561887E-10  2.1330024E-10  1.4518782E-10  8.0314137E-11  2.5713819E-01
  pd106    106   7.8453405E-10  9.8635766E-10  2.0182363E-10  3.7136957E-10  7.5992844E-11  6.8903363E-01
  pd107    107   1.5182991E-10  1.5182991E-10  0.0000000E+00  5.7164874E-11  0.0000000E+00  0.0000000E+00
  pd108    108   9.5719221E-10  1.1381235E-09  1.8093127E-10  4.2851034E-10  6.8126227E-11  7.9864693E-01
  ag107    107  -2.3928359E-12  1.9755222E-10  1.9994506E-10  7.4379600E-11  7.5285500E-11 -5.2575031E-03
  ag108    108   0.0000000E+00  0.0000000E+00  0.0000000E+00  0.0000000E+00  0.0000000E+00  0.0000000E+00
  ag109    109   2.3219211E-10  4.0276696E-10  1.7057485E-10  1.5164418E-10  6.4226707E-11  3.7311012E-01
  cd108    108   3.3843449E-15  3.3843449E-15  0.0000000E+00  1.2742262E-15  0.0000000E+00  0.0000000E+00
  cd109    109   1.6893964E-28  1.6893964E-28  0.0000000E+00  6.3606785E-29  0.0000000E+00  0.0000000E+00
  cd110    110   8.0575868E-10  8.6133600E-10  5.5577296E-11  3.2429817E-10  2.0926573E-11  1.1902465E+00
  cd111    111   2.5994248E-10  4.0375592E-10  1.4381343E-10  1.5201652E-10  5.4150205E-11  4.4829071E-01
  cd112    112   9.9484876E-10  1.2143045E-09  2.1945581E-10  4.5719295E-10  8.2631908E-11  7.4295175E-01
  cd113    113   2.8785441E-10  4.1908466E-10  1.3123026E-10  1.5778789E-10  4.9412256E-11  5.0423902E-01
  cd114    114   1.4229971E-09  1.6296551E-09  2.0665805E-10  6.1357491E-10  7.7813152E-11  8.9681458E-01
  in115    115   2.6877617E-10  3.8659290E-10  1.1781674E-10  1.4555454E-10  4.4361650E-11  5.1601809E-01
  sn116    116   1.9820154E-09  2.1502657E-09  1.6825033E-10  8.0958795E-10  6.3351456E-11  1.1065074E+00
  sn117    117   5.6903254E-10  7.2429274E-10  1.5526018E-10  2.7270056E-10  5.8460264E-11  6.6882521E-01
  sn118    118   2.8819531E-09  3.2336891E-09  3.5173592E-10  1.2175033E-09  1.3243945E-10  9.6345282E-01
  sn119    119   8.2852009E-10  9.3602237E-10  1.0750227E-10  3.5241804E-10  4.0477934E-11  9.3983978E-01
  sn120    120   4.9011839E-09  5.3422582E-09  4.4107426E-10  2.0113924E-09  1.6607810E-10  1.0831845E+00
  sb121    121   3.4742789E-10  4.6105619E-10  1.1362829E-10  1.7359042E-10  4.2784571E-11  6.0823858E-01
  te122    122   6.1333266E-10  6.5939032E-10  4.6057661E-11  2.4826441E-10  1.7342135E-11  1.1558119E+00
  te123    123   2.2458108E-10  2.4098987E-10  1.6408798E-11  9.0734129E-11  6.1784198E-12  1.1668932E+00
  te124    124   1.1872646E-09  1.2745502E-09  8.7285575E-11  4.7987581E-10  3.2865721E-11  1.1643857E+00
  te125    125   3.9365944E-10  6.6283695E-10  2.6917751E-10  2.4956209E-10  1.0135367E-10  3.9133918E-01
  te126    126   2.3042557E-09  2.9368190E-09  6.3256334E-10  1.1057300E-09  2.3817967E-10  6.6674435E-01
   i127    127   2.8934510E-10  1.0779426E-09  7.8859752E-10  4.0585188E-10  2.9693137E-10  1.3571148E-01
  xe128    128   7.3953837E-10  7.8531481E-10  4.5776445E-11  2.9567573E-10  1.7236249E-11  1.2343730E+00
  xe129    129   2.6662661E-10  1.4312679E-09  1.1646413E-09  5.3888094E-10  4.3852350E-10  8.9499973E-02
  xe130    130   1.5112870E-09  1.5847172E-09  7.3430304E-11  5.9665556E-10  2.7648783E-11  1.3340477E+00
  xe131    131   5.6740779E-10  1.4907902E-09  9.2338237E-10  5.6129146E-10  3.4768205E-10  2.0800616E-01
  xe132    132   3.1263530E-09  4.0658295E-09  9.3947639E-10  1.5308093E-09  3.5374192E-10  6.3623452E-01
  xe133    133   2.0373058E-40  2.0373058E-40  0.0000000E+00  7.6705677E-41  0.0000000E+00  0.0000000E+00
  xe134    134   3.0503333E-09  3.4793022E-09  4.2896880E-10  1.3099781E-09  1.6152003E-10  9.0903765E-01
  cs133    133   4.2153381E-10  7.4137696E-10  3.1984315E-10  2.7913288E-10  1.2043085E-10  3.6507329E-01
  cs134    134  -1.4263383E-18 -1.4263383E-18  0.0000000E+00 -5.3702494E-19  0.0000000E+00  0.0000000E+00
  cs135    135   1.5067022E-09  1.5067022E-09  0.0000000E+00  5.6728244E-10  0.0000000E+00  0.0000000E+00
  cs136    136   5.6940537E-37  5.6940537E-37  0.0000000E+00  2.1438454E-37  0.0000000E+00  0.0000000E+00
  cs137    137   3.3764216E-13  3.3764216E-13  0.0000000E+00  1.2712430E-13  0.0000000E+00  0.0000000E+00
  ba134    134   3.9743614E-10  4.6513940E-10  6.7703253E-11  1.7512777E-10  2.5492370E-11  8.3694482E-01
  ba135    135   8.5817686E-11  3.9870623E-10  3.1288855E-10  1.5011530E-10  1.1781222E-10  1.0523462E-01
  ba136    136   3.5425003E-09  3.7355115E-09  1.9301112E-10  1.4064425E-09  7.2674665E-11  1.2867390E+00
  ba137    137   1.1522049E-08  1.1943119E-08  4.2107040E-10  4.4966564E-09  1.5854604E-10  1.4527344E+00
  ba138    138   4.6977746E-08  4.8588078E-08  1.6103322E-09  1.8293703E-08  6.0633992E-10  1.4795854E+00
  la139    139   5.6452909E-09  5.8872640E-09  2.4197297E-10  2.2165902E-09  9.1110314E-11  1.3861179E+00
  ce140    140   1.7282696E-08  1.7726782E-08  4.4408610E-10  6.6742398E-09  1.6721216E-10  1.6011339E+00
  ce141    141   2.1542475E-34  2.1542475E-34  0.0000000E+00  8.1108708E-35  0.0000000E+00  0.0000000E+00
  ce142    142   2.9452845E-09  3.0617144E-09  1.1642998E-10  1.1527539E-09  4.3839488E-11  1.4198711E+00
  pr141    141   1.7828488E-09  1.8969009E-09  1.1405214E-10  7.1419454E-10  4.2944162E-11  1.2209125E+00
  nd142    142   3.6495902E-09  3.7410830E-09  9.1492813E-11  1.4085402E-09  3.4449877E-11  1.6115816E+00
  nd143    143   8.2753504E-10  9.0882490E-10  8.1289871E-11  3.4217804E-10  3.0608151E-11  1.0484151E+00
  nd144    144   2.5582871E-09  2.6977136E-09  1.3942650E-10  1.0157054E-09  5.2498391E-11  1.2866218E+00
  nd145    145   4.7864535E-10  5.3753374E-10  5.8888387E-11  2.0238468E-10  2.2173300E-11  9.6034729E-01
  nd146    146   2.2917277E-09  2.3846074E-09  9.2879607E-11  8.9781899E-10  3.4972050E-11  1.4094677E+00
  nd147    147   1.0257779E-37  1.0257779E-37  0.0000000E+00  3.8621156E-38  0.0000000E+00  0.0000000E+00
  nd148    148   3.0537600E-10  3.5348580E-10  4.8109780E-11  1.3308953E-10  1.8114820E-11  8.6610985E-01
  pm147    147  -5.5432818E-18 -5.5432818E-18  0.0000000E+00 -2.0870788E-18  0.0000000E+00  0.0000000E+00
  pm148    148   0.0000000E+00  0.0000000E+00  0.0000000E+00  0.0000000E+00  0.0000000E+00  0.0000000E+00
  sm147    147   2.7240110E-10  3.0614322E-10  3.3742124E-11  1.1526476E-10  1.2704954E-11  9.5772350E-01
  sm148    148   5.7854227E-10  5.9450550E-10  1.5963219E-11  2.2383490E-10  6.0106460E-12  1.5710067E+00
  sm149    149   1.0601886E-10  1.4106576E-10  3.5046899E-11  5.3112105E-11  1.3196243E-11  6.0474318E-01
  sm150    150   4.9154680E-10  5.0091353E-10  9.3667322E-12  1.8859696E-10  3.5268646E-12  1.7281458E+00
  sm151    151   1.6404023E-14  1.6404023E-14  0.0000000E+00  6.1762132E-15  0.0000000E+00  0.0000000E+00
  sm152    152   4.3921128E-10  5.0441445E-10  6.5203176E-11  1.8991507E-10  2.4551014E-11  8.8848996E-01
  eu151    151   7.2513773E-11  1.1773260E-10  4.5218825E-11  4.4327032E-11  1.7026287E-11  4.1554868E-01
  eu152    152   6.4942022E-19  6.4942022E-19  0.0000000E+00  2.4451061E-19  0.0000000E+00  0.0000000E+00
  eu153    153   8.0343010E-11  1.3400768E-10  5.3664670E-11  5.0454696E-11  2.0206409E-11  3.9741245E-01
  eu154    154  -4.3491803E-17 -4.3491803E-17  0.0000000E+00 -1.6374925E-17  0.0000000E+00  0.0000000E+00
  eu155    155  -4.0204323E-17 -4.0204323E-17  0.0000000E+00 -1.5137169E-17  0.0000000E+00  0.0000000E+00
  gd152    152   6.5020336E-14  4.9646501E-13  4.3144467E-13  1.8692205E-13  1.6245227E-13  6.0934749E-02
  gd153    153  -2.1652386E-29 -2.1652386E-29  0.0000000E+00 -8.1522538E-30  0.0000000E+00  0.0000000E+00
  gd154    154   5.3374742E-11  5.7308797E-11  3.9340536E-12  2.1577106E-11  1.4812928E-12  1.1633523E+00
  gd155    155   1.4203960E-10  1.9308764E-10  5.1048048E-11  7.2698660E-11  1.9221170E-11  5.7774663E-01
  gd156    156   3.4048805E-10  4.0830206E-10  6.7814011E-11  1.5372818E-10  2.5534073E-11  7.7963340E-01
  gd157    157   1.6140711E-10  2.1646226E-10  5.5055158E-11  8.1499342E-11  2.0729972E-11  5.9455544E-01
  gd158    158   6.7679051E-10  7.5423612E-10  7.7445619E-11  2.8397443E-10  2.9160674E-11  9.8848170E-01
  tb159    159   1.4925777E-10  2.1908114E-10  6.9823369E-11  8.2485366E-11  2.6290659E-11  4.9657542E-01
  dy160    160   2.4760635E-10  2.5169369E-10  4.0873286E-12  9.4764190E-11  1.5390056E-12  1.7894040E+00
  dy161    161   1.1063761E-10  1.9855927E-10  8.7921656E-11  7.4758755E-11  3.3105223E-11  3.5376555E-01
  dy162    162   4.7935933E-10  6.0337163E-10  1.2401233E-10  2.2717304E-10  4.6694482E-11  6.8709123E-01
  dy163    163   2.0399234E-10  3.1346192E-10  1.0946959E-10  1.1802030E-10  4.1218688E-11  4.5686257E-01
  dy164    164   9.7011799E-10  1.0849025E-09  1.1478448E-10  4.0847231E-10  4.3219907E-11  9.7547877E-01
  ho165    165   1.8003007E-10  2.8048291E-10  1.0045283E-10  1.0560350E-10  3.7823602E-11  4.4591540E-01
  er166    166   4.0633716E-10  4.9720533E-10  9.0868181E-11  1.8720080E-10  3.4214680E-11  7.3809522E-01
  er167    167   1.6489349E-10  2.3037028E-10  6.5476798E-11  8.6735792E-11  2.4654039E-11  5.4631025E-01
  er168    168   6.2973926E-10  6.9557243E-10  6.5833172E-11  2.6188721E-10  2.4788229E-11  1.0238688E+00
  er169    169   3.3481297E-38  3.3481297E-38  0.0000000E+00  1.2605910E-38  0.0000000E+00  0.0000000E+00
  er170    170   2.0801993E-10  2.5334779E-10  4.5327849E-11  9.5386962E-11  1.7067337E-11  7.4732322E-01
  tm169    169   1.5997637E-10  2.0020738E-10  4.0231020E-11  7.5379279E-11  1.5148223E-11  6.9689029E-01
  tm170    170   1.8502899E-25  1.8502899E-25  0.0000000E+00  6.9664528E-26  0.0000000E+00  0.0000000E+00
  tm171    171  -7.2214625E-19 -7.2214625E-19  0.0000000E+00 -2.7189241E-19  0.0000000E+00  0.0000000E+00
  yb170    170   1.9584304E-10  1.9873821E-10  2.8951759E-12  7.4826131E-11  1.0901233E-12  1.8365777E+00
  yb171    171   2.9033437E-10  3.2763248E-10  3.7298095E-11  1.2335559E-10  1.4043888E-11  9.4367152E-01
  yb172    172   7.7066120E-10  8.2359863E-10  5.2937411E-11  3.1008984E-10  1.9932573E-11  1.1919242E+00
  yb173    173   3.5619457E-10  3.9835973E-10  4.2165150E-11  1.4998483E-10  1.5876484E-11  9.7529304E-01
  yb174    174   1.6491738E-09  1.7148303E-09  6.5656446E-11  6.4564387E-10  2.4721685E-11  1.4169149E+00
  lu175    175   2.1640312E-10  2.5806246E-10  4.1659339E-11  9.7162063E-11  1.5686031E-11  7.9198366E-01
  lu176    176   1.6254642E-10  1.6354555E-10  9.9913502E-13  6.1575883E-11  3.7620528E-13  2.2139857E+00
  lu177    177   2.2895157E-39  2.2895157E-39  0.0000000E+00  8.6201576E-40  0.0000000E+00  0.0000000E+00
  hf176    176  -7.5206334E-14  3.9212873E-12  3.9964937E-12  1.4763882E-12  1.5048036E-12 -8.2792211E-03
  hf177    177   1.7855376E-10  2.1135282E-10  3.2799069E-11  7.9575610E-11  1.2349865E-11  8.0911779E-01
  hf178    178   8.1949075E-10  8.5802065E-10  3.8529912E-11  3.2304992E-10  1.4507704E-11  1.3476709E+00
  hf179    179   2.8795288E-10  3.1065284E-10  2.2699948E-11  1.1696266E-10  8.5472324E-12  1.1362216E+00
  hf180    180   1.6129568E-09  1.6565058E-09  4.3549025E-11  6.2368438E-10  1.6397557E-11  1.5801858E+00
  ta181    181   3.2401398E-10  3.4592773E-10  2.1913752E-11  1.3024387E-10  8.2512061E-12  1.1982398E+00
  ta182    182   2.0090645E-25  2.0090645E-25  0.0000000E+00  7.5642486E-26  0.0000000E+00  0.0000000E+00
  ta183    183   0.0000000E+00  0.0000000E+00  0.0000000E+00  0.0000000E+00  0.0000000E+00  0.0000000E+00
   w182    182   4.8726867E-10  5.1523807E-10  2.7969394E-11  1.9399023E-10  1.0531343E-11  1.2652961E+00
   w183    183   3.7547609E-10  3.9136200E-10  1.5885907E-11  1.4735015E-10  5.9815360E-12  1.3915379E+00
   w184    184   1.0479630E-09  1.0801631E-09  3.2200045E-11  4.0668788E-10  1.2124314E-11  1.5256040E+00
   w185    185   5.2133884E-28  5.2133884E-28  0.0000000E+00  1.9628720E-28  0.0000000E+00  0.0000000E+00
   w186    186   8.1341889E-10  8.5769680E-10  4.4277925E-11  3.2292799E-10  1.6672009E-11  1.2871177E+00
  re185    185   2.0681720E-10  2.2738395E-10  2.0566744E-11  8.5611421E-11  7.7440155E-12  1.0435655E+00
  re186    186   0.0000000E+00  0.0000000E+00  0.0000000E+00  0.0000000E+00  0.0000000E+00  0.0000000E+00
  re187    187   1.3565543E-10  1.8018383E-10  4.4528388E-11  6.7840296E-11  1.6766316E-11  6.0705006E-01
  os186    186   3.6648107E-10  3.7281631E-10  6.3352270E-12  1.4036758E-10  2.3854091E-12  1.7697040E+00
  os187    187   1.1250970E-10  1.1569440E-10  3.1846956E-12  4.3559635E-11  1.1991365E-12  1.5602156E+00
  os188    188   7.1244521E-10  8.2687557E-10  1.1443038E-10  3.1132361E-10  4.3086579E-11  8.5887003E-01
  os189    189   1.9046140E-10  3.4218023E-10  1.5171883E-10  1.2883292E-10  5.7126835E-11  3.5318670E-01
  os190    190   9.2311875E-10  1.1620241E-09  2.3890540E-10  4.3750906E-10  8.9955272E-11  6.8696046E-01
  os191    191   2.0658345E-36  2.0658345E-36  0.0000000E+00  7.7779912E-37  0.0000000E+00  0.0000000E+00
  os192    192   2.3192770E-10  6.3356376E-10  4.0163606E-10  2.3854055E-10  1.5122840E-10  1.9792883E-01
  ir191    191   1.9527527E-10  5.2617760E-10  3.3090233E-10  1.9810903E-10  1.2459497E-10  2.0140375E-01
  ir192    192   1.6162379E-29  1.6162379E-29  0.0000000E+00  6.0852326E-30  0.0000000E+00  0.0000000E+00
  ir193    193   2.3124924E-10  7.9485873E-10  5.6360949E-10  2.9926908E-10  2.1221642E-10  1.4928284E-01
  pt192    192   2.5653241E-10  2.6198224E-10  5.4498277E-12  9.8637890E-11  2.0520287E-12  1.6818603E+00
  pt193    193   5.2094466E-15  5.2094466E-15  0.0000000E+00  1.9613880E-15  0.0000000E+00  0.0000000E+00
  pt194    194   8.0952667E-10  1.4167105E-09  6.0718386E-10  5.3340005E-10  2.2862351E-10  3.6793217E-01
  pt195    195   3.2665942E-10  9.6535491E-10  6.3869549E-10  3.6346193E-10  2.4048863E-10  1.7936438E-01
  pt196    196   1.4599317E-09  1.9154021E-09  4.5547033E-10  7.2116035E-10  1.7149868E-10  6.2377107E-01
  au197    197   4.7374010E-10  7.2653306E-10  2.5279295E-10  2.7354405E-10  9.5184367E-11  4.5846164E-01
  hg198    198   1.6548777E-09  1.6745478E-09  1.9670208E-11  6.3047734E-10  7.4064426E-12  1.9300598E+00
  hg199    199   7.2632195E-10  7.9636953E-10  7.0047565E-11  2.9983790E-10  2.6375074E-11  1.0556929E+00
  hg200    200   2.4137095E-09  2.4854423E-09  7.1732863E-11  9.3578389E-10  2.7009645E-11  1.5396566E+00
  hg201    201   9.9445463E-10  1.0445583E-09  5.0103716E-11  3.9328249E-10  1.8865602E-11  1.3190340E+00
  hg202    202   3.8358965E-09  3.9186370E-09  8.2740439E-11  1.4753904E-09  3.1154336E-11  1.6753885E+00
  tl203    203   2.0186497E-09  2.0639703E-09  4.5320598E-11  7.7709722E-10  1.7064608E-11  1.6583791E+00
  tl204    204  -1.1665037E-16 -1.1665037E-16  0.0000000E+00 -4.3919565E-17  0.0000000E+00  0.0000000E+00
  tl205    205   4.5914654E-09  4.6956403E-09  1.0417479E-10  1.7679368E-09  3.9225036E-11  1.6539034E+00
  pb204    204   1.4105150E-09  1.4435201E-09  3.3005029E-11  5.4349397E-10  1.2427416E-11  1.6408139E+00
  pb205    205   1.6484214E-10  1.6484214E-10  0.0000000E+00  6.2064055E-11  0.0000000E+00  0.0000000E+00
  pb206    206   1.7600840E-08  1.8118985E-08  5.1814597E-10  6.8219066E-09  1.9509798E-10  1.5436530E+00
  pb207    207   2.8583527E-08  2.9180653E-08  5.9712590E-10  1.0986691E-08  2.2483639E-10  1.6890002E+00
  pb208    208   4.0570674E-07  4.0681925E-07  1.1125137E-09  1.5316989E-07  4.1889586E-10  2.5630674E+00
  bi209    209   2.1626684E-08  2.1795518E-08  1.6883397E-10  8.2061433E-09  6.3571218E-11  2.1108785E+00
  bi210    210   0.0000000E+00  0.0000000E+00  0.0000000E+00  0.0000000E+00  0.0000000E+00  0.0000000E+00
  po210    210   4.9110408E-08  4.9110408E-08  0.0000000E+00  1.8490363E-08  0.0000000E+00  0.0000000E+00
