# Initial abundances
# El  Z   log e(X)   [X/H]    [X/Fe]     [X/O]      X(i)
  p   1  12.000000  0.000000  0.000000  0.000000 6.04196E-01
 he   2  11.222301  0.292300  1.602890  1.602884 4.00317E-01
 li   3   2.515132 -0.744868  0.565722  0.565716 1.36230E-09
 be   4   0.000000 -1.300000  0.000000  0.000000 0.00000E+00
  b   5   0.000000 -2.790000  0.000000  0.000000 0.00000E+00
  c   6   7.159606 -1.310395  0.000195  0.000189 1.03969E-04
  n   7   6.559391 -1.310609 -0.000019 -0.000025 3.04406E-05
  o   8   7.419416 -1.310584  0.000006  0.000000 2.51899E-04
  f   9   3.109427 -1.310573  0.000017  0.000011 1.46505E-08
 ne  10   6.659418 -1.310582  0.000008  0.000002 5.52150E-05
 na  11   4.929410 -1.310590  0.000000 -0.000007 1.17129E-06
 mg  12   6.329411 -1.310589  0.000001 -0.000005 3.11046E-05
 al  13   5.139410 -1.310590  0.000000 -0.000006 2.22947E-06
 si  14   6.239412 -1.310588  0.000001 -0.000005 2.92159E-05
  p  15   4.099423 -1.310576  0.000013  0.000007 2.33420E-07
  s  16   5.849408 -1.300592  0.009998  0.009992 1.35880E-05
 cl  17   3.919417 -1.310583  0.000007  0.000001 1.76518E-07
 ar  18   5.129411 -1.310589  0.000001 -0.000005 3.22570E-06
  k  19   3.768843 -1.311157 -0.000567 -0.000574 1.37630E-07
 ca  20   4.979411 -1.310589  0.000000 -0.000006 2.29105E-06
 sc  21   1.739415 -1.310585  0.000005 -0.000001 1.47884E-09
 ti  22   3.599420 -1.310580  0.000010  0.000003 1.14070E-07
  v  23   2.648332 -1.311668 -0.001079 -0.001085 1.35870E-08
 cr  24   4.310127 -1.329873 -0.019283 -0.019289 6.36524E-07
 mn  25   4.169422 -1.310578  0.000012  0.000006 4.86421E-07
 fe  26   6.229410 -1.310590  0.000000 -0.000006 5.67691E-05
 co  27   3.559414 -1.310586  0.000004 -0.000002 1.28083E-07
 ni  28   4.889416 -1.310584  0.000006  0.000000 2.72721E-06
 cu  29   2.939421 -1.310579  0.000010  0.000004 3.31303E-08
 zn  30   3.319421 -1.310579  0.000010  0.000004 8.18043E-08
 ga  31   1.769417 -1.310583  0.000007  0.000000 2.45760E-09
 ge  32   2.235045 -1.344954 -0.034365 -0.034371 7.48064E-09
 as  33   0.989408 -1.310591 -0.000002 -0.000008 4.38264E-10
 se  34   1.985492 -1.354508 -0.043918 -0.043925 4.57737E-09
 br  35   1.229416 -1.310584  0.000006  0.000000 8.12272E-10
 kr  36   1.937843 -1.312157 -0.001567 -0.001573 4.35306E-09
 rb  37   1.209415 -1.310585  0.000005 -0.000001 8.29730E-10
 sr  38   1.566987 -1.313013 -0.002423 -0.002429 1.93779E-09
  y  39   0.899415 -1.310585  0.000005 -0.000001 4.22730E-10
 zr  40   1.219419 -1.310581  0.000008  0.000002 9.06245E-10
 nb  41   0.099423 -1.310577  0.000013  0.000007 7.00139E-11
 mo  42   0.508241 -1.431759 -0.121170 -0.121176 1.85335E-10
 tc  43   0.000000 -9.000000  0.000000  0.000000 0.00000E+00
 ru  44   0.318477 -1.441523 -0.130934 -0.130940 1.26129E-10
 rh  45  -0.250583 -1.310583  0.000007  0.000001 3.46398E-11
 pd  46   0.280233 -1.369767 -0.059177 -0.059183 1.21611E-10
 ag  47  -0.110582 -1.310582  0.000007  0.000001 5.01219E-11
 cd  48   0.359700 -1.350300 -0.039710 -0.039716 1.54251E-10
 in  49  -0.569620 -1.329620 -0.019030 -0.019037 1.85399E-11
 sn  50   0.696987 -1.373013 -0.062423 -0.062429 3.54154E-10
 sb  51  -0.543109 -1.553109 -0.242519 -0.242525 2.08984E-11
 te  52   0.402040 -1.777961 -0.467371 -0.467377 1.93022E-10
  i  53   0.239416 -1.310584  0.000006  0.000000 1.32011E-10
 xe  54   0.892334 -1.347666 -0.037076 -0.037082 6.14176E-10
 cs  55  -0.230583 -1.310583  0.000007  0.000000 4.68463E-11
 ba  56   0.868514 -1.311486 -0.000896 -0.000902 6.08118E-10
 la  57  -0.140989 -1.310989 -0.000399 -0.000406 6.01796E-11
 ce  58   0.267511 -1.312489 -0.001899 -0.001905 1.55495E-10
 pr  59  -0.550582 -1.310582  0.000008  0.000002 2.37723E-11
 nd  60   0.114413 -1.335587 -0.024997 -0.025003 1.12516E-10
 pm  61   0.000000 -9.000000  0.000000  0.000000 0.00000E+00
 sm  62  -0.500300 -1.440300 -0.129711 -0.129717 2.84806E-11
 eu  63  -0.800598 -1.310598 -0.000008 -0.000015 1.44165E-11
 gd  64  -0.367715 -1.417715 -0.107125 -0.107131 4.04197E-11
 tb  65  -0.990597 -1.310597 -0.000007 -0.000013 9.73447E-12
 dy  66  -0.181240 -1.311240 -0.000650 -0.000656 6.41697E-11
 ho  67  -0.840581 -1.310581  0.000009  0.000003 1.42704E-11
 er  68  -0.398203 -1.318203 -0.007613 -0.007619 4.00778E-11
 tm  69  -1.190581 -1.310581  0.000008  0.000002 6.52910E-12
 yb  70  -0.451612 -1.371613 -0.061023 -0.061029 3.66650E-11
 lu  71  -1.220584 -1.310584  0.000006  0.000000 6.31087E-12
 hf  72  -0.601290 -1.311290 -0.000700 -0.000706 2.67943E-11
 ta  73  -1.430637 -1.310637 -0.000048 -0.000054 4.02378E-12
  w  74  -0.661111 -1.311111 -0.000521 -0.000527 2.40462E-11
 re  75  -1.050583 -1.310583  0.000007  0.000001 9.93414E-12
 os  76   0.039333 -1.310667 -0.000077 -0.000083 1.24833E-10
 ir  77   0.009417 -1.310583  0.000006  0.000000 1.17741E-10
 pt  78   0.277072 -1.342928 -0.032338 -0.032344 2.21308E-10
 au  79  -0.510583 -1.310583  0.000007  0.000001 3.64357E-11
 hg  80  -0.172189 -1.342189 -0.031599 -0.031605 8.08795E-11
 tl  81  -0.540586 -1.310586  0.000003 -0.000003 3.52839E-11
 pb  82   0.729420 -1.310580  0.000010  0.000003 6.66081E-10
 bi  83  -0.660579 -1.310579  0.000011  0.000005 2.73680E-11
 po  84   0.000000 -9.000000  0.000000  0.000000 0.00000E+00
#[ls/Fe]_Bisterzo =   0.0000, [hs/Fe]_Bisterzo =  -0.0517
#[hs/ls]_Bisterzo =  -0.0517, [Pb/hs]_Bisterzo =   0.0517
#[ls/Fe]_Thiswork =  -0.0008, [hs/Fe]_Thiswork =  -0.0011
#[hs/ls]_Thiswork =  -0.0003, [Pb/hs]_Thiswork =   0.0011
# C/O =  5.4978E-01, c12/c13 = 8.94392E+01, n14/n15 = 4.47610E+02
# o16/o17 = 2.63226E+03, o16/o18 = 4.98812E+02
# mg24/mg25 =  7.8990E+00, mg24/mg26 =  7.1742E+00
# al26/al27 =  0.0000E+00, mg/al =  1.3624E-06
#
# During TP-AGB
#  TP   Mass     Mcore    Menv    log L
#  1 1.699960 0.728225 0.971733 4.026660
# El  Z   log e(X)   [X/H]    [X/Fe]     [X/O]      X(i)
  p   1  12.000000  0.000000  0.000000  0.000000 5.94379E-01
 he   2  11.239890  0.309890  1.620480  1.620473 4.10090E-01
 li   3   1.764663 -1.495337 -0.184747 -0.184754 2.38061E-10
 be   4   0.000000 -1.300000  0.000000  0.000000 1.11814E-21
  b   5   0.000000 -2.790000  0.000000  0.000000 5.16642E-28
  c   6   6.863552 -1.606448 -0.295858 -0.295865 5.17290E-05
  n   7   7.076221 -0.793778  0.516811  0.516805 9.84396E-05
  o   8   7.412365 -1.317634 -0.007044  0.000000 2.43816E-04
  f   9   3.073168 -1.346832 -0.036242 -0.029198 1.32580E-08
 ne  10   6.660813 -1.309187  0.001403  0.008447 5.44926E-05
 na  11   5.167655 -1.072344  0.238245  0.245290 1.99433E-06
 mg  12   6.336445 -1.303555  0.007035  0.014080 3.10988E-05
 al  13   5.147774 -1.302226  0.008364  0.015408 2.23589E-06
 si  14   6.246528 -1.303473  0.007117  0.014162 2.92160E-05
  p  15   4.106540 -1.303460  0.007130  0.014174 2.33421E-07
  s  16   5.856523 -1.293478  0.017112  0.024157 1.35881E-05
 cl  17   3.926533 -1.303467  0.007123  0.014167 1.76518E-07
 ar  18   5.136526 -1.303474  0.007116  0.014160 3.22570E-06
  k  19   3.775940 -1.304060  0.006530  0.013574 1.37625E-07
 ca  20   4.986526 -1.303474  0.007116  0.014160 2.29105E-06
 sc  21   1.746530 -1.303470  0.007119  0.014164 1.47884E-09
 ti  22   3.606534 -1.303466  0.007124  0.014168 1.14071E-07
  v  23   2.655446 -1.304554  0.006036  0.013080 1.35871E-08
 cr  24   4.317242 -1.322758 -0.012168 -0.005124 6.36525E-07
 mn  25   4.176537 -1.303463  0.007126  0.014171 4.86422E-07
 fe  26   6.236525 -1.303475  0.000000  0.014159 5.67692E-05
 co  27   3.566529 -1.303471  0.000004  0.014163 1.28083E-07
 ni  28   4.896530 -1.303470  0.000005  0.014164 2.72722E-06
 cu  29   2.946535 -1.303465  0.000010  0.014169 3.31304E-08
 zn  30   3.326536 -1.303464  0.000011  0.014170 8.18044E-08
 ga  31   1.776531 -1.303469  0.000006  0.014165 2.45760E-09
 ge  32   2.242160 -1.337840 -0.034365 -0.020206 7.48065E-09
 as  33   0.996524 -1.303476 -0.000001  0.014158 4.38264E-10
 se  34   1.992606 -1.347394 -0.043919 -0.029760 4.57738E-09
 br  35   1.236530 -1.303470  0.000005  0.014164 8.12273E-10
 kr  36   1.944959 -1.305041 -0.001566  0.012593 4.35307E-09
 rb  37   1.215539 -1.304461 -0.000986  0.013173 8.27840E-10
 sr  38   1.574535 -1.305465 -0.001990  0.012169 1.93973E-09
  y  39   0.906529 -1.303471  0.000004  0.014163 4.22731E-10
 zr  40   1.226534 -1.303466  0.000009  0.014168 9.06246E-10
 nb  41   0.106538 -1.303462  0.000013  0.014172 7.00140E-11
 mo  42   0.515356 -1.424644 -0.121169 -0.107010 1.85336E-10
 tc  43   0.000000 -9.000000  0.000000  0.000000 0.00000E+00
 ru  44   0.325591 -1.434409 -0.130934 -0.116775 1.26129E-10
 rh  45  -0.243468 -1.303468  0.000007  0.014166 3.46398E-11
 pd  46   0.287348 -1.362652 -0.059177 -0.045018 1.21611E-10
 ag  47  -0.103467 -1.303467  0.000008  0.014167 5.01220E-11
 cd  48   0.366816 -1.343184 -0.039710 -0.025550 1.54251E-10
 in  49  -0.562506 -1.322506 -0.019031 -0.004872 1.85399E-11
 sn  50   0.704102 -1.365898 -0.062423 -0.048264 3.54154E-10
 sb  51  -0.535995 -1.545995 -0.242520 -0.228360 2.08984E-11
 te  52   0.409154 -1.770846 -0.467371 -0.453212 1.93022E-10
  i  53   0.246531 -1.303469  0.000005  0.014165 1.32011E-10
 xe  54   0.899449 -1.340551 -0.037076 -0.022917 6.14177E-10
 cs  55  -0.223469 -1.303469  0.000006  0.014165 4.68464E-11
 ba  56   0.875629 -1.304371 -0.000896  0.013263 6.08119E-10
 la  57  -0.133874 -1.303874 -0.000399  0.013760 6.01797E-11
 ce  58   0.274627 -1.305373 -0.001898  0.012261 1.55495E-10
 pr  59  -0.543468 -1.303468  0.000007  0.014167 2.37723E-11
 nd  60   0.121528 -1.328472 -0.024997 -0.010838 1.12517E-10
 pm  61   0.000000 -9.000000  0.000000  0.000000 0.00000E+00
 sm  62  -0.493186 -1.433186 -0.129711 -0.115552 2.84806E-11
 eu  63  -0.793483 -1.303483 -0.000008  0.014151 1.44165E-11
 gd  64  -0.360600 -1.410600 -0.107126 -0.092966 4.04198E-11
 tb  65  -0.983482 -1.303482 -0.000007  0.014152 9.73448E-12
 dy  66  -0.174126 -1.304126 -0.000651  0.013508 6.41698E-11
 ho  67  -0.833467 -1.303467  0.000008  0.014168 1.42704E-11
 er  68  -0.391088 -1.311089 -0.007614  0.006546 4.00778E-11
 tm  69  -1.183467 -1.303467  0.000008  0.014167 6.52910E-12
 yb  70  -0.444498 -1.364498 -0.061023 -0.046864 3.66650E-11
 lu  71  -1.213596 -1.303596 -0.000121  0.014038 6.30904E-12
 hf  72  -0.594144 -1.304144 -0.000669  0.013490 2.67962E-11
 ta  73  -1.423523 -1.303523 -0.000048  0.014111 4.02378E-12
  w  74  -0.653996 -1.303996 -0.000522  0.013638 2.40462E-11
 re  75  -1.046110 -1.306110 -0.002635  0.011524 9.87392E-12
 os  76   0.046662 -1.303338  0.000137  0.014296 1.24895E-10
 ir  77   0.016532 -1.303468  0.000007  0.014166 1.17741E-10
 pt  78   0.284187 -1.335813 -0.032338 -0.018179 2.21309E-10
 au  79  -0.503469 -1.303468  0.000006  0.014166 3.64358E-11
 hg  80  -0.165073 -1.335073 -0.031598 -0.017439 8.08796E-11
 tl  81  -0.533471 -1.303471  0.000004  0.014163 3.52839E-11
 pb  82   0.736534 -1.303466  0.000009  0.014168 6.66082E-10
 bi  83  -0.653464 -1.303464  0.000011  0.014170 2.73681E-11
 po  84   0.000000 -9.000000  0.000000  0.000000 0.00000E+00
#[ls/Fe]_Bisterzo =   0.0000, [hs/Fe]_Bisterzo =  -0.0517
#[hs/ls]_Bisterzo =  -0.0517, [Pb/hs]_Bisterzo =   0.0517
#[ls/Fe]_Thiswork =  -0.0007, [hs/Fe]_Thiswork =  -0.0011
#[hs/ls]_Thiswork =  -0.0004, [Pb/hs]_Thiswork =   0.0011
# C/O =  2.8261E-01, c12/c13 = 1.68110E+01, n14/n15 = 3.98377E+03
# o16/o17 = 9.38046E+01, o16/o18 = 8.56049E+02
# mg24/mg25 =  8.0210E+00, mg24/mg26 =  7.0887E+00
# al26/al27 =  0.0000E+00, mg/al =  1.3624E-06
#
#  TP   Mass     Mcore    Menv    log L
#  2 1.699950 0.731093 0.968855 4.051230
# El  Z   log e(X)   [X/H]    [X/Fe]     [X/O]      X(i)
  p   1  12.000000  0.000000  0.000000  0.000000 5.94393E-01
 he   2  11.239866  0.309866  1.613341  1.627500 4.10076E-01
 li   3   1.846114 -1.413886 -0.110411 -0.096252 2.87177E-10
 be   4   0.000000 -1.300000  0.000000  0.000000 8.94314E-23
  b   5   0.000000 -2.790000  0.000000  0.000000 1.24778E-27
  c   6   6.864024 -1.605976 -0.302501 -0.288342 5.17865E-05
  n   7   7.075889 -0.794111  0.509364  0.523523 9.83664E-05
  o   8   7.412368 -1.317631 -0.014156  0.000000 2.43823E-04
  f   9   3.073174 -1.346827 -0.043352 -0.029195 1.32585E-08
 ne  10   6.660810 -1.309189 -0.005714  0.008442 5.44935E-05
 na  11   5.167422 -1.072577  0.230897  0.245054 1.99331E-06
 mg  12   6.336436 -1.303564 -0.000089  0.014067 3.10988E-05
 al  13   5.147763 -1.302237  0.001238  0.015394 2.23589E-06
 si  14   6.246518 -1.303482 -0.000007  0.014149 2.92160E-05
  p  15   4.106531 -1.303469  0.000006  0.014162 2.33421E-07
  s  16   5.856513 -1.293487  0.009988  0.024144 1.35881E-05
 cl  17   3.926523 -1.303477 -0.000002  0.014154 1.76518E-07
 ar  18   5.136517 -1.303483 -0.000009  0.014148 3.22570E-06
  k  19   3.775930 -1.304070 -0.000595  0.013562 1.37625E-07
 ca  20   4.986516 -1.303483 -0.000009  0.014148 2.29105E-06
 sc  21   1.746520 -1.303480 -0.000005  0.014151 1.47884E-09
 ti  22   3.606524 -1.303475  0.000000  0.014156 1.14071E-07
  v  23   2.655437 -1.304564 -0.001089  0.013068 1.35871E-08
 cr  24   4.317233 -1.322767 -0.019292 -0.005136 6.36525E-07
 mn  25   4.176527 -1.303473  0.000002  0.014158 4.86422E-07
 fe  26   6.236516 -1.303484  0.000000  0.014147 5.67692E-05
 co  27   3.566520 -1.303480  0.000004  0.014151 1.28083E-07
 ni  28   4.896521 -1.303479  0.000005  0.014152 2.72722E-06
 cu  29   2.946526 -1.303474  0.000010  0.014157 3.31304E-08
 zn  30   3.326527 -1.303473  0.000011  0.014158 8.18044E-08
 ga  31   1.776523 -1.303477  0.000007  0.014154 2.45760E-09
 ge  32   2.242150 -1.337850 -0.034365 -0.020218 7.48065E-09
 as  33   0.996514 -1.303486 -0.000001  0.014146 4.38264E-10
 se  34   1.992597 -1.347403 -0.043919 -0.029772 4.57738E-09
 br  35   1.236521 -1.303479  0.000005  0.014152 8.12273E-10
 kr  36   1.944949 -1.305051 -0.001566  0.012580 4.35307E-09
 rb  37   1.215529 -1.304471 -0.000986  0.013161 8.27840E-10
 sr  38   1.574527 -1.305473 -0.001989  0.012158 1.93974E-09
  y  39   0.906520 -1.303480  0.000004  0.014151 4.22731E-10
 zr  40   1.226524 -1.303476  0.000009  0.014156 9.06246E-10
 nb  41   0.106528 -1.303472  0.000013  0.014160 7.00140E-11
 mo  42   0.515347 -1.424654 -0.121169 -0.107022 1.85336E-10
 tc  43   0.000000 -9.000000  0.000000  0.000000 0.00000E+00
 ru  44   0.325582 -1.434418 -0.130934 -0.116787 1.26129E-10
 rh  45  -0.243478 -1.303478  0.000007  0.014153 3.46398E-11
 pd  46   0.287338 -1.362662 -0.059177 -0.045030 1.21611E-10
 ag  47  -0.103477 -1.303478  0.000007  0.014154 5.01220E-11
 cd  48   0.366806 -1.343194 -0.039710 -0.025563 1.54251E-10
 in  49  -0.562515 -1.322515 -0.019031 -0.004884 1.85399E-11
 sn  50   0.704092 -1.365908 -0.062423 -0.048277 3.54154E-10
 sb  51  -0.536004 -1.546004 -0.242520 -0.228373 2.08984E-11
 te  52   0.409144 -1.770856 -0.467371 -0.453224 1.93022E-10
  i  53   0.246521 -1.303479  0.000005  0.014152 1.32011E-10
 xe  54   0.899440 -1.340560 -0.037076 -0.022929 6.14177E-10
 cs  55  -0.223478 -1.303478  0.000006  0.014153 4.68464E-11
 ba  56   0.875620 -1.304380 -0.000896  0.013251 6.08119E-10
 la  57  -0.133883 -1.303883 -0.000399  0.013748 6.01797E-11
 ce  58   0.274617 -1.305383 -0.001898  0.012248 1.55495E-10
 pr  59  -0.543477 -1.303477  0.000007  0.014154 2.37723E-11
 nd  60   0.121518 -1.328482 -0.024997 -0.010851 1.12517E-10
 pm  61   0.000000 -9.000000  0.000000  0.000000 0.00000E+00
 sm  62  -0.493196 -1.433196 -0.129711 -0.115564 2.84806E-11
 eu  63  -0.793492 -1.303492 -0.000008  0.014139 1.44165E-11
 gd  64  -0.360610 -1.410610 -0.107126 -0.092979 4.04198E-11
 tb  65  -0.983492 -1.303492 -0.000007  0.014139 9.73448E-12
 dy  66  -0.174135 -1.304135 -0.000651  0.013496 6.41698E-11
 ho  67  -0.833476 -1.303476  0.000008  0.014155 1.42704E-11
 er  68  -0.391098 -1.311098 -0.007614  0.006533 4.00778E-11
 tm  69  -1.183476 -1.303476  0.000008  0.014155 6.52910E-12
 yb  70  -0.444508 -1.364508 -0.061023 -0.046876 3.66650E-11
 lu  71  -1.213606 -1.303606 -0.000121  0.014025 6.30904E-12
 hf  72  -0.594153 -1.304153 -0.000669  0.013478 2.67962E-11
 ta  73  -1.423532 -1.303532 -0.000048  0.014099 4.02378E-12
  w  74  -0.654006 -1.304006 -0.000522  0.013625 2.40462E-11
 re  75  -1.046120 -1.306120 -0.002635  0.011512 9.87392E-12
 os  76   0.046653 -1.303347  0.000137  0.014284 1.24895E-10
 ir  77   0.016522 -1.303478  0.000007  0.014154 1.17741E-10
 pt  78   0.284178 -1.335822 -0.032338 -0.018191 2.21309E-10
 au  79  -0.503478 -1.303478  0.000006  0.014153 3.64358E-11
 hg  80  -0.165083 -1.335083 -0.031598 -0.017452 8.08796E-11
 tl  81  -0.533481 -1.303481  0.000004  0.014151 3.52839E-11
 pb  82   0.736525 -1.303475  0.000009  0.014156 6.66082E-10
 bi  83  -0.653474 -1.303474  0.000011  0.014157 2.73681E-11
 po  84   0.000000 -9.000000  0.000000  0.000000 0.00000E+00
#[ls/Fe]_Bisterzo =   0.0000, [hs/Fe]_Bisterzo =  -0.0517
#[hs/ls]_Bisterzo =  -0.0517, [Pb/hs]_Bisterzo =   0.0517
#[ls/Fe]_Thiswork =  -0.0007, [hs/Fe]_Thiswork =  -0.0011
#[hs/ls]_Thiswork =  -0.0004, [Pb/hs]_Thiswork =   0.0011
# C/O =  2.8291E-01, c12/c13 = 1.68437E+01, n14/n15 = 3.97342E+03
# o16/o17 = 9.39466E+01, o16/o18 = 8.55416E+02
# mg24/mg25 =  8.0208E+00, mg24/mg26 =  7.0888E+00
# al26/al27 =  0.0000E+00, mg/al =  1.3624E-06
#
#  TP   Mass     Mcore    Menv    log L
#  3 1.699930 0.734265 0.965666 4.072020
# El  Z   log e(X)   [X/H]    [X/Fe]     [X/O]      X(i)
  p   1  12.000000  0.000000  0.000000  0.000000 5.94465E-01
 he   2  11.239738  0.309737  1.613222  1.627368 4.10005E-01
 li   3   1.901937 -1.358063 -0.054579 -0.040432 3.26606E-10
 be   4   0.000000 -1.300000  0.000000  0.000000 2.44418E-23
  b   5   0.000000 -2.790000  0.000000  0.000000 8.54248E-28
  c   6   6.867101 -1.602900 -0.299415 -0.285268 5.21609E-05
  n   7   7.073806 -0.796194  0.507291  0.521438 9.79077E-05
  o   8   7.412360 -1.317639 -0.014155  0.000000 2.43848E-04
  f   9   3.073355 -1.346645 -0.043161 -0.029006 1.32656E-08
 ne  10   6.660797 -1.309203 -0.005718  0.008437 5.44984E-05
 na  11   5.166127 -1.073873  0.229612  0.243767 1.98761E-06
 mg  12   6.336380 -1.303620 -0.000136  0.014019 3.10986E-05
 al  13   5.147773 -1.302227  0.001258  0.015413 2.23621E-06
 si  14   6.246465 -1.303535 -0.000051  0.014104 2.92160E-05
  p  15   4.106478 -1.303522 -0.000038  0.014117 2.33421E-07
  s  16   5.856461 -1.293540  0.009945  0.024100 1.35881E-05
 cl  17   3.926470 -1.303530 -0.000046  0.014109 1.76518E-07
 ar  18   5.136464 -1.303536 -0.000051  0.014103 3.22570E-06
  k  19   3.775877 -1.304123 -0.000638  0.013516 1.37625E-07
 ca  20   4.986464 -1.303536 -0.000051  0.014103 2.29105E-06
 sc  21   1.746468 -1.303532 -0.000048  0.014107 1.47884E-09
 ti  22   3.606472 -1.303528 -0.000043  0.014112 1.14071E-07
  v  23   2.655384 -1.304616 -0.001132  0.013023 1.35871E-08
 cr  24   4.317180 -1.322820 -0.019336 -0.005181 6.36525E-07
 mn  25   4.176475 -1.303525 -0.000041  0.014114 4.86422E-07
 fe  26   6.236463 -1.303537  0.000000  0.014102 5.67692E-05
 co  27   3.566466 -1.303534  0.000004  0.014106 1.28083E-07
 ni  28   4.896468 -1.303532  0.000006  0.014108 2.72722E-06
 cu  29   2.946472 -1.303528  0.000010  0.014112 3.31304E-08
 zn  30   3.326473 -1.303527  0.000010  0.014112 8.18044E-08
 ga  31   1.776469 -1.303531  0.000007  0.014109 2.45760E-09
 ge  32   2.242098 -1.337902 -0.034365 -0.020263 7.48065E-09
 as  33   0.996461 -1.303539 -0.000002  0.014100 4.38264E-10
 se  34   1.992544 -1.347456 -0.043918 -0.029816 4.57738E-09
 br  35   1.236468 -1.303532  0.000006  0.014108 8.12273E-10
 kr  36   1.944896 -1.305104 -0.001567  0.012535 4.35307E-09
 rb  37   1.215477 -1.304523 -0.000986  0.013116 8.27839E-10
 sr  38   1.574473 -1.305527 -0.001989  0.012113 1.93974E-09
  y  39   0.906467 -1.303533  0.000005  0.014107 4.22731E-10
 zr  40   1.226471 -1.303529  0.000008  0.014110 9.06246E-10
 nb  41   0.106476 -1.303524  0.000013  0.014115 7.00140E-11
 mo  42   0.515293 -1.424707 -0.121170 -0.107068 1.85336E-10
 tc  43   0.000000 -9.000000  0.000000  0.000000 0.00000E+00
 ru  44   0.325529 -1.434471 -0.130934 -0.116832 1.26129E-10
 rh  45  -0.243530 -1.303530  0.000007  0.014109 3.46398E-11
 pd  46   0.287286 -1.362714 -0.059177 -0.045075 1.21611E-10
 ag  47  -0.103530 -1.303530  0.000007  0.014109 5.01220E-11
 cd  48   0.366753 -1.343247 -0.039710 -0.025608 1.54251E-10
 in  49  -0.562568 -1.322568 -0.019030 -0.004928 1.85399E-11
 sn  50   0.704040 -1.365960 -0.062423 -0.048321 3.54154E-10
 sb  51  -0.536057 -1.546057 -0.242519 -0.228417 2.08984E-11
 te  52   0.409092 -1.770908 -0.467371 -0.453269 1.93022E-10
  i  53   0.246469 -1.303531  0.000006  0.014108 1.32011E-10
 xe  54   0.899386 -1.340614 -0.037076 -0.022974 6.14177E-10
 cs  55  -0.223531 -1.303531  0.000007  0.014109 4.68464E-11
 ba  56   0.875566 -1.304434 -0.000896  0.013206 6.08119E-10
 la  57  -0.133937 -1.303937 -0.000399  0.013703 6.01797E-11
 ce  58   0.274564 -1.305436 -0.001899  0.012203 1.55495E-10
 pr  59  -0.543530 -1.303530  0.000008  0.014110 2.37723E-11
 nd  60   0.121465 -1.328535 -0.024998 -0.010896 1.12517E-10
 pm  61   0.000000 -9.000000  0.000000  0.000000 0.00000E+00
 sm  62  -0.493248 -1.433248 -0.129711 -0.115609 2.84806E-11
 eu  63  -0.793546 -1.303546 -0.000008  0.014094 1.44165E-11
 gd  64  -0.360662 -1.410662 -0.107125 -0.093023 4.04198E-11
 tb  65  -0.983545 -1.303545 -0.000008  0.014094 9.73448E-12
 dy  66  -0.174188 -1.304188 -0.000650  0.013452 6.41698E-11
 ho  67  -0.833529 -1.303529  0.000009  0.014111 1.42704E-11
 er  68  -0.391150 -1.311151 -0.007613  0.006489 4.00778E-11
 tm  69  -1.183529 -1.303529  0.000008  0.014110 6.52910E-12
 yb  70  -0.444560 -1.364560 -0.061023 -0.046921 3.66650E-11
 lu  71  -1.213658 -1.303658 -0.000121  0.013981 6.30904E-12
 hf  72  -0.594207 -1.304207 -0.000669  0.013433 2.67962E-11
 ta  73  -1.423585 -1.303585 -0.000048  0.014054 4.02378E-12
  w  74  -0.654058 -1.304058 -0.000521  0.013581 2.40462E-11
 re  75  -1.046172 -1.306172 -0.002635  0.011467 9.87391E-12
 os  76   0.046600 -1.303400  0.000138  0.014240 1.24895E-10
 ir  77   0.016469 -1.303531  0.000006  0.014108 1.17741E-10
 pt  78   0.284124 -1.335876 -0.032338 -0.018236 2.21309E-10
 au  79  -0.503531 -1.303530  0.000007  0.014109 3.64358E-11
 hg  80  -0.165136 -1.335136 -0.031599 -0.017497 8.08796E-11
 tl  81  -0.533534 -1.303534  0.000003  0.014105 3.52839E-11
 pb  82   0.736472 -1.303528  0.000010  0.014112 6.66082E-10
 bi  83  -0.653526 -1.303526  0.000011  0.014113 2.73681E-11
 po  84   0.000000 -9.000000  0.000000  0.000000 0.00000E+00
#[ls/Fe]_Bisterzo =   0.0000, [hs/Fe]_Bisterzo =  -0.0517
#[hs/ls]_Bisterzo =  -0.0517, [Pb/hs]_Bisterzo =   0.0517
#[ls/Fe]_Thiswork =  -0.0007, [hs/Fe]_Thiswork =  -0.0011
#[hs/ls]_Thiswork =  -0.0004, [Pb/hs]_Thiswork =   0.0011
# C/O =  2.8493E-01, c12/c13 = 1.70557E+01, n14/n15 = 3.90560E+03
# o16/o17 = 9.46792E+01, o16/o18 = 8.50854E+02
# mg24/mg25 =  8.0207E+00, mg24/mg26 =  7.0893E+00
# al26/al27 =  0.0000E+00, mg/al =  1.3624E-06
#
#  TP   Mass     Mcore    Menv    log L
#  4 1.699910 0.737616 0.962290 4.089750
# El  Z   log e(X)   [X/H]    [X/Fe]     [X/O]      X(i)
  p   1  12.000000  0.000000  0.000000  0.000000 5.94449E-01
 he   2  11.239766  0.309766  1.613303  1.627405 4.10021E-01
 li   3   1.931844 -1.328156 -0.024619 -0.010517 3.49880E-10
 be   4   0.000000 -1.300000  0.000000  0.000000 1.30952E-23
  b   5   0.000000 -2.790000  0.000000  0.000000 3.93400E-28
  c   6   6.867337 -1.602664 -0.299126 -0.285024 5.21879E-05
  n   7   7.073883 -0.796117  0.507420  0.521522 9.79223E-05
  o   8   7.412278 -1.317721 -0.014184  0.000000 2.43795E-04
  f   9   3.073260 -1.346740 -0.043202 -0.029018 1.32624E-08
 ne  10   6.660799 -1.309201 -0.005663  0.008521 5.44972E-05
 na  11   5.166066 -1.073934  0.229604  0.243788 1.98728E-06
 mg  12   6.336350 -1.303649 -0.000112  0.014072 3.10957E-05
 al  13   5.148436 -1.301564  0.001974  0.016158 2.23957E-06
 si  14   6.246506 -1.303494  0.000043  0.014227 2.92179E-05
  p  15   4.106489 -1.303511  0.000026  0.014210 2.33421E-07
  s  16   5.856472 -1.293528  0.010009  0.024193 1.35881E-05
 cl  17   3.926488 -1.303512  0.000025  0.014209 1.76520E-07
 ar  18   5.136476 -1.303524  0.000013  0.014197 3.22570E-06
  k  19   3.775889 -1.304111 -0.000573  0.013611 1.37625E-07
 ca  20   4.986475 -1.303524  0.000013  0.014197 2.29105E-06
 sc  21   1.746479 -1.303521  0.000016  0.014200 1.47884E-09
 ti  22   3.606483 -1.303516  0.000021  0.014205 1.14071E-07
  v  23   2.655396 -1.304605 -0.001067  0.013117 1.35871E-08
 cr  24   4.317191 -1.322809 -0.019271 -0.005087 6.36525E-07
 mn  25   4.176486 -1.303514  0.000023  0.014207 4.86422E-07
 fe  26   6.236474 -1.303526  0.000000  0.014195 5.67692E-05
 co  27   3.566478 -1.303522  0.000004  0.014199 1.28083E-07
 ni  28   4.896480 -1.303520  0.000006  0.014201 2.72722E-06
 cu  29   2.946485 -1.303515  0.000010  0.014206 3.31304E-08
 zn  30   3.326485 -1.303515  0.000010  0.014206 8.18044E-08
 ga  31   1.776481 -1.303519  0.000007  0.014202 2.45760E-09
 ge  32   2.242109 -1.337891 -0.034365 -0.020169 7.48065E-09
 as  33   0.996472 -1.303528 -0.000002  0.014194 4.38264E-10
 se  34   1.992556 -1.347444 -0.043918 -0.029723 4.57738E-09
 br  35   1.236480 -1.303520  0.000006  0.014201 8.12273E-10
 kr  36   1.944907 -1.305093 -0.001567  0.012629 4.35307E-09
 rb  37   1.215488 -1.304512 -0.000986  0.013210 8.27839E-10
 sr  38   1.574485 -1.305515 -0.001989  0.012206 1.93974E-09
  y  39   0.906479 -1.303521  0.000005  0.014200 4.22731E-10
 zr  40   1.226483 -1.303517  0.000009  0.014205 9.06246E-10
 nb  41   0.106487 -1.303513  0.000013  0.014209 7.00140E-11
 mo  42   0.515305 -1.424695 -0.121170 -0.106974 1.85336E-10
 tc  43   0.000000 -9.000000  0.000000  0.000000 0.00000E+00
 ru  44   0.325541 -1.434459 -0.130934 -0.116738 1.26129E-10
 rh  45  -0.243519 -1.303519  0.000007  0.014203 3.46398E-11
 pd  46   0.287297 -1.362703 -0.059177 -0.044981 1.21611E-10
 ag  47  -0.103518 -1.303519  0.000007  0.014203 5.01220E-11
 cd  48   0.366765 -1.343235 -0.039709 -0.025514 1.54251E-10
 in  49  -0.562556 -1.322556 -0.019030 -0.004835 1.85399E-11
 sn  50   0.704051 -1.365949 -0.062423 -0.048228 3.54154E-10
 sb  51  -0.536045 -1.546045 -0.242519 -0.228324 2.08984E-11
 te  52   0.409103 -1.770897 -0.467371 -0.453175 1.93022E-10
  i  53   0.246480 -1.303520  0.000006  0.014201 1.32011E-10
 xe  54   0.899398 -1.340602 -0.037076 -0.022881 6.14177E-10
 cs  55  -0.223519 -1.303519  0.000007  0.014202 4.68464E-11
 ba  56   0.875578 -1.304422 -0.000896  0.013299 6.08119E-10
 la  57  -0.133924 -1.303924 -0.000399  0.013797 6.01797E-11
 ce  58   0.274575 -1.305425 -0.001899  0.012297 1.55495E-10
 pr  59  -0.543518 -1.303518  0.000008  0.014203 2.37723E-11
 nd  60   0.121477 -1.328523 -0.024997 -0.010802 1.12517E-10
 pm  61   0.000000 -9.000000  0.000000  0.000000 0.00000E+00
 sm  62  -0.493237 -1.433237 -0.129711 -0.115515 2.84806E-11
 eu  63  -0.793534 -1.303534 -0.000008  0.014187 1.44165E-11
 gd  64  -0.360651 -1.410651 -0.107125 -0.092930 4.04198E-11
 tb  65  -0.983533 -1.303533 -0.000007  0.014189 9.73448E-12
 dy  66  -0.174176 -1.304176 -0.000650  0.013545 6.41698E-11
 ho  67  -0.833517 -1.303517  0.000009  0.014204 1.42704E-11
 er  68  -0.391139 -1.311139 -0.007613  0.006582 4.00778E-11
 tm  69  -1.183517 -1.303517  0.000008  0.014204 6.52910E-12
 yb  70  -0.444549 -1.364549 -0.061023 -0.046827 3.66650E-11
 lu  71  -1.213647 -1.303647 -0.000121  0.014074 6.30904E-12
 hf  72  -0.594195 -1.304195 -0.000669  0.013526 2.67962E-11
 ta  73  -1.423573 -1.303573 -0.000048  0.014148 4.02378E-12
  w  74  -0.654047 -1.304047 -0.000521  0.013674 2.40462E-11
 re  75  -1.046161 -1.306161 -0.002635  0.011561 9.87391E-12
 os  76   0.046612 -1.303388  0.000138  0.014333 1.24895E-10
 ir  77   0.016480 -1.303520  0.000006  0.014202 1.17741E-10
 pt  78   0.284137 -1.335863 -0.032337 -0.018142 2.21309E-10
 au  79  -0.503519 -1.303519  0.000007  0.014202 3.64358E-11
 hg  80  -0.165124 -1.335124 -0.031598 -0.017403 8.08796E-11
 tl  81  -0.533523 -1.303523  0.000003  0.014199 3.52839E-11
 pb  82   0.736484 -1.303516  0.000010  0.014205 6.66082E-10
 bi  83  -0.653515 -1.303515  0.000011  0.014207 2.73681E-11
 po  84   0.000000 -9.000000  0.000000  0.000000 0.00000E+00
#[ls/Fe]_Bisterzo =   0.0000, [hs/Fe]_Bisterzo =  -0.0517
#[hs/ls]_Bisterzo =  -0.0517, [Pb/hs]_Bisterzo =   0.0517
#[ls/Fe]_Thiswork =  -0.0007, [hs/Fe]_Thiswork =  -0.0011
#[hs/ls]_Thiswork =  -0.0004, [Pb/hs]_Thiswork =   0.0011
# C/O =  2.8514E-01, c12/c13 = 1.70775E+01, n14/n15 = 3.90188E+03
# o16/o17 = 9.47836E+01, o16/o18 = 8.50452E+02
# mg24/mg25 =  8.0214E+00, mg24/mg26 =  7.0888E+00
# al26/al27 =  0.0000E+00, mg/al =  1.3624E-06
#
#  TP   Mass     Mcore    Menv    log L
#  5 1.699870 0.740867 0.959006 4.106030
# El  Z   log e(X)   [X/H]    [X/Fe]     [X/O]      X(i)
  p   1  12.000000  0.000000  0.000000  0.000000 5.94260E-01
 he   2  11.240087  0.310086  1.613612  1.627808 4.10193E-01
 li   3   1.946969 -1.313031 -0.009505  0.004690 3.62166E-10
 be   4   0.000000 -1.300000  0.000000  0.000000 1.15079E-23
  b   5   0.000000 -2.790000  0.000000  0.000000 2.28667E-28
  c   6   6.973669 -1.496331 -0.192805 -0.178610 6.66445E-05
  n   7   7.074266 -0.795733  0.507792  0.521988 9.79779E-05
  o   8   7.412743 -1.317256 -0.013731  0.000000 2.43979E-04
  f   9   3.073921 -1.346079 -0.042553 -0.028822 1.32784E-08
 ne  10   6.661123 -1.308877 -0.005351  0.008379 5.45206E-05
 na  11   5.165993 -1.074007  0.229519  0.243249 1.98631E-06
 mg  12   6.336323 -1.303677 -0.000151  0.013580 3.10839E-05
 al  13   5.149776 -1.300224  0.003302  0.017032 2.24577E-06
 si  14   6.246974 -1.303026  0.000500  0.014231 2.92402E-05
  p  15   4.106625 -1.303375  0.000151  0.013882 2.33420E-07
  s  16   5.856609 -1.293391  0.010135  0.023865 1.35880E-05
 cl  17   3.926706 -1.303294  0.000232  0.013963 1.76553E-07
 ar  18   5.136612 -1.303388  0.000138  0.013869 3.22570E-06
  k  19   3.776035 -1.303965 -0.000439  0.013292 1.37628E-07
 ca  20   4.986612 -1.303388  0.000138  0.013869 2.29105E-06
 sc  21   1.746640 -1.303360  0.000166  0.013897 1.47892E-09
 ti  22   3.606623 -1.303377  0.000149  0.013879 1.14071E-07
  v  23   2.655528 -1.304472 -0.000946  0.012784 1.35869E-08
 cr  24   4.317329 -1.322671 -0.019145 -0.005414 6.36525E-07
 mn  25   4.176641 -1.303359  0.000167  0.013897 4.86441E-07
 fe  26   6.236612 -1.303388  0.000000  0.013868 5.67691E-05
 co  27   3.566655 -1.303345  0.000043  0.013912 1.28094E-07
 ni  28   4.896616 -1.303384  0.000004  0.013872 2.72721E-06
 cu  29   2.946628 -1.303372  0.000016  0.013884 3.31308E-08
 zn  30   3.326623 -1.303377  0.000011  0.013879 8.18044E-08
 ga  31   1.776639 -1.303361  0.000027  0.013896 2.45772E-09
 ge  32   2.242265 -1.337735 -0.034347 -0.020479 7.48095E-09
 as  33   0.996613 -1.303387  0.000001  0.013869 4.38266E-10
 se  34   1.992732 -1.347268 -0.043880 -0.030011 4.57779E-09
 br  35   1.236642 -1.303358  0.000030  0.013898 8.12319E-10
 kr  36   1.945210 -1.304790 -0.001402  0.012466 4.35472E-09
 rb  37   1.215668 -1.304332 -0.000944  0.012924 8.27918E-10
 sr  38   1.575416 -1.304585 -0.001196  0.012672 1.94328E-09
  y  39   0.907635 -1.302365  0.001023  0.014891 4.23723E-10
 zr  40   1.228249 -1.301751  0.001637  0.015505 9.09649E-10
 nb  41   0.107998 -1.302002  0.001386  0.015254 7.02357E-11
 mo  42   0.516970 -1.423030 -0.119642 -0.105774 1.85988E-10
 tc  43   0.000000 -9.000000  0.000000  0.000000 0.00000E+00
 ru  44   0.327060 -1.432940 -0.129552 -0.115684 1.26531E-10
 rh  45  -0.242974 -1.302974  0.000414  0.014282 3.46723E-11
 pd  46   0.288965 -1.361035 -0.057647 -0.043778 1.22041E-10
 ag  47  -0.102799 -1.302799  0.000589  0.014457 5.01891E-11
 cd  48   0.368774 -1.341226 -0.037838 -0.023969 1.54917E-10
 in  49  -0.561240 -1.321240 -0.017852 -0.003984 1.85903E-11
 sn  50   0.706656 -1.363344 -0.059956 -0.046088 3.56171E-10
 sb  51  -0.534451 -1.544451 -0.241063 -0.227195 2.09686E-11
 te  52   0.411302 -1.768698 -0.465310 -0.451442 1.93940E-10
  i  53   0.246785 -1.303215  0.000173  0.014042 1.32062E-10
 xe  54   0.900373 -1.339628 -0.036239 -0.022371 6.15362E-10
 cs  55  -0.222705 -1.302705  0.000683  0.014552 4.69194E-11
 ba  56   0.879928 -1.300072  0.003316  0.017184 6.14044E-10
 la  57  -0.130106 -1.300106  0.003282  0.017151 6.06919E-11
 ce  58   0.278036 -1.301964  0.001424  0.015293 1.56690E-10
 pr  59  -0.541723 -1.301723  0.001665  0.015533 2.38632E-11
 nd  60   0.123902 -1.326098 -0.022710 -0.008841 1.13111E-10
 pm  61   0.000000 -9.000000  0.000000  0.000000 0.00000E+00
 sm  62  -0.491700 -1.431700 -0.128312 -0.114444 2.85725E-11
 eu  63  -0.793227 -1.303227  0.000161  0.014029 1.44221E-11
 gd  64  -0.359859 -1.409858 -0.106470 -0.092602 4.04807E-11
 tb  65  -0.983143 -1.303143  0.000245  0.014114 9.74014E-12
 dy  66  -0.173474 -1.303474 -0.000086  0.013782 6.42532E-11
 ho  67  -0.833171 -1.303171  0.000217  0.014086 1.42773E-11
 er  68  -0.390461 -1.310461 -0.007073  0.006795 4.01278E-11
 tm  69  -1.182967 -1.302967  0.000421  0.014289 6.53531E-12
 yb  70  -0.443050 -1.363050 -0.059662 -0.045794 3.67801E-11
 lu  71  -1.212669 -1.302669  0.000719  0.014587 6.32124E-12
 hf  72  -0.592526 -1.302526  0.000862  0.014730 2.68908E-11
 ta  73  -1.422366 -1.302366  0.001022  0.014890 4.03370E-12
  w  74  -0.652369 -1.302369  0.001020  0.014888 2.41317E-11
 re  75  -1.045733 -1.305733 -0.002345  0.011523 9.88051E-12
 os  76   0.046970 -1.303030  0.000358  0.014227 1.24959E-10
 ir  77   0.016641 -1.303359  0.000029  0.013897 1.17747E-10
 pt  78   0.284433 -1.335567 -0.032179 -0.018310 2.21390E-10
 au  79  -0.503252 -1.303252  0.000136  0.014004 3.64466E-11
 hg  80  -0.163861 -1.333861 -0.030473 -0.016605 8.10895E-11
 tl  81  -0.532607 -1.302607  0.000781  0.014649 3.53471E-11
 pb  82   0.736919 -1.303081  0.000308  0.014176 6.66538E-10
 bi  83  -0.653373 -1.303373  0.000015  0.013884 2.73683E-11
 po  84   0.000000 -9.000000  0.000000  0.000000 0.00000E+00
#[ls/Fe]_Bisterzo =   0.0013, [hs/Fe]_Bisterzo =  -0.0492
#[hs/ls]_Bisterzo =  -0.0506, [Pb/hs]_Bisterzo =   0.0496
#[ls/Fe]_Thiswork =   0.0005, [hs/Fe]_Thiswork =   0.0027
#[hs/ls]_Thiswork =   0.0022, [Pb/hs]_Thiswork =  -0.0024
# C/O =  3.6385E-01, c12/c13 = 2.21059E+01, n14/n15 = 3.89926E+03
# o16/o17 = 9.50187E+01, o16/o18 = 8.50927E+02
# mg24/mg25 =  8.0216E+00, mg24/mg26 =  7.0881E+00
# al26/al27 =  0.0000E+00, mg/al =  1.3621E-06
#
#  TP   Mass     Mcore    Menv    log L
#  6 1.699820 0.743886 0.955932 4.129220
# El  Z   log e(X)   [X/H]    [X/Fe]     [X/O]      X(i)
  p   1  12.000000  0.000000  0.000000  0.000000 5.93841E-01
 he   2  11.240672  0.310672  1.614060  1.627928 4.10457E-01
 li   3   1.944414 -1.315586 -0.012198  0.001671 3.59787E-10
 be   4   0.000000 -1.300000  0.000000  0.000000 1.86828E-23
  b   5   0.000000 -2.790000  0.000000  0.000000 1.54784E-28
  c   6   7.477526 -0.992474  0.310914  0.324782 2.12478E-04
  n   7   7.073167 -0.796833  0.506555  0.520423 9.76610E-05
  o   8   7.420726 -1.309273 -0.005885  0.000000 2.48329E-04
  f   9   3.228563 -1.191437  0.111951  0.117836 1.89444E-08
 ne  10   6.682775 -1.287225  0.016163  0.022048 5.72671E-05
 na  11   5.166274 -1.073726  0.229662  0.235548 1.98620E-06
 mg  12   6.336396 -1.303604 -0.000216  0.005670 3.10671E-05
 al  13   5.152190 -1.297810  0.005578  0.011463 2.25670E-06
 si  14   6.248079 -1.301921  0.001467  0.007352 2.92940E-05
  p  15   4.110203 -1.299797  0.003592  0.009477 2.35185E-07
  s  16   5.856920 -1.293080  0.010308  0.016193 1.35881E-05
 cl  17   3.927671 -1.302329  0.001060  0.006945 1.76821E-07
 ar  18   5.136871 -1.303129  0.000259  0.006144 3.22534E-06
  k  19   3.776509 -1.303491 -0.000103  0.005783 1.37681E-07
 ca  20   4.986845 -1.303155  0.000233  0.006118 2.29065E-06
 sc  21   1.748826 -1.301174  0.002214  0.008099 1.48533E-09
 ti  22   3.607206 -1.302794  0.000595  0.006480 1.14144E-07
  v  23   2.655754 -1.304246 -0.000858  0.005027 1.35844E-08
 cr  24   4.317625 -1.322375 -0.018987 -0.013102 6.36508E-07
 mn  25   4.176975 -1.303025  0.000363  0.006248 4.86471E-07
 fe  26   6.236884 -1.303116  0.000000  0.006157 5.67646E-05
 co  27   3.570450 -1.299550  0.003566  0.009723 1.29127E-07
 ni  28   4.896983 -1.303017  0.000099  0.006256 2.72758E-06
 cu  29   2.948555 -1.301445  0.001671  0.007828 3.32546E-08
 zn  30   3.327194 -1.302806  0.000310  0.006467 8.18542E-08
 ga  31   1.779505 -1.300495  0.002621  0.008778 2.47224E-09
 ge  32   2.245446 -1.334554 -0.031438 -0.025280 7.53063E-09
 as  33   0.998697 -1.301303  0.001813  0.007971 4.40064E-10
 se  34   1.999027 -1.340973 -0.037857 -0.031699 4.64134E-09
 br  35   1.241789 -1.298211  0.004905  0.011062 8.21422E-10
 kr  36   1.970837 -1.279163  0.023952  0.030110 4.61614E-09
 rb  37   1.235797 -1.284203  0.018913  0.025070 8.66583E-10
 sr  38   1.652088 -1.227912  0.075204  0.081361 2.31687E-09
  y  39   1.017874 -1.192126  0.110990  0.117147 5.45775E-10
 zr  40   1.384848 -1.145152  0.157964  0.164121 1.30367E-09
 nb  41   0.245997 -1.164003  0.139113  0.145271 9.64386E-11
 mo  42   0.645555 -1.294445  0.008671  0.014829 2.49899E-10
 tc  43   0.000000 -9.000000  0.000000  0.000000 0.00000E+00
 ru  44   0.419294 -1.340706 -0.037590 -0.031432 1.56360E-10
 rh  45  -0.214049 -1.274049  0.029067  0.035224 3.70340E-11
 pd  46   0.391777 -1.258223  0.044893  0.051050 1.54529E-10
 ag  47  -0.059985 -1.259985  0.043131  0.049288 5.53498E-11
 cd  48   0.517295 -1.192705  0.110411  0.116568 2.17928E-10
 in  49  -0.457463 -1.217463  0.085653  0.091810 2.35915E-11
 sn  50   0.919534 -1.150466  0.152650  0.158807 5.81073E-10
 sb  51  -0.408301 -1.418301 -0.115185 -0.109028 2.80164E-11
 te  52   0.583628 -1.596372 -0.293257 -0.287099 2.88196E-10
  i  53   0.265631 -1.284369  0.018747  0.024904 1.37821E-10
 xe  54   0.981375 -1.258625  0.044491  0.050648 7.41012E-10
 cs  55  -0.154578 -1.234578  0.068538  0.074695 5.48495E-11
 ba  56   1.250523 -0.929477  0.373638  0.379796 1.44041E-09
 la  57   0.233876 -0.936124  0.366992  0.373150 1.40219E-10
 ce  58   0.669488 -0.910512  0.392604  0.398761 3.85642E-10
 pr  59  -0.266317 -1.026317  0.276798  0.282956 4.49601E-11
 nd  60   0.448538 -1.001462  0.301654  0.307811 2.38689E-10
 pm  61   0.000000 -9.000000  0.000000  0.000000 0.00000E+00
 sm  62  -0.263583 -1.203583  0.099533  0.105690 4.82791E-11
 eu  63  -0.748160 -1.258160  0.044955  0.051113 1.59878E-11
 gd  64  -0.231718 -1.281718  0.021398  0.027555 5.43353E-11
 tb  65  -0.920814 -1.240813  0.062302  0.068460 1.12354E-11
 dy  66  -0.053446 -1.183446  0.119670  0.125827 8.46481E-11
 ho  67  -0.780599 -1.250599  0.052517  0.058675 1.61031E-11
 er  68  -0.260023 -1.180023  0.123093  0.129250 5.41472E-11
 tm  69  -1.085130 -1.205130  0.097986  0.104144 8.18081E-12
 yb  70  -0.166377 -1.086377  0.216739  0.222896 6.94990E-11
 lu  71  -1.007738 -1.097738  0.205378  0.211535 1.01257E-11
 hf  72  -0.273427 -0.983427  0.319689  0.325846 5.60268E-11
 ta  73  -1.168059 -1.048059  0.255057  0.261214 7.23942E-12
  w  74  -0.312205 -0.962205  0.340911  0.347068 5.27769E-11
 re  75  -0.913094 -1.173094  0.130022  0.136180 1.34002E-11
 os  76   0.124381 -1.225619  0.077497  0.083654 1.49235E-10
 ir  77   0.033063 -1.286937  0.016179  0.022336 1.22198E-10
 pt  78   0.337239 -1.282761  0.020355  0.026513 2.49837E-10
 au  79  -0.450125 -1.250125  0.052991  0.059149 4.11603E-11
 hg  80   0.163797 -1.006203  0.296913  0.303071 1.72312E-10
 tl  81  -0.118723 -0.888723  0.414393  0.420550 9.16076E-11
 pb  82   1.685848 -0.354152  0.948964  0.955122 5.92171E-09
 bi  83  -0.088420 -0.738420  0.564696  0.570853 1.00437E-10
 po  84   0.000000 -9.000000  0.000000  0.000000 0.00000E+00
#[ls/Fe]_Bisterzo =   0.1345, [hs/Fe]_Bisterzo =   0.2561
#[hs/ls]_Bisterzo =   0.1216, [Pb/hs]_Bisterzo =   0.6929
#[ls/Fe]_Thiswork =   0.1147, [hs/Fe]_Thiswork =   0.3777
#[hs/ls]_Thiswork =   0.2630, [Pb/hs]_Thiswork =   0.5712
# C/O =  1.1397E+00, c12/c13 = 7.30784E+01, n14/n15 = 3.78454E+03
# o16/o17 = 9.75043E+01, o16/o18 = 8.60566E+02
# mg24/mg25 =  8.0121E+00, mg24/mg26 =  7.0822E+00
# al26/al27 =  0.0000E+00, mg/al =  1.3619E-06
#
#  TP   Mass     Mcore    Menv    log L
#  7 1.699700 0.746646 0.953053 4.152960
# El  Z   log e(X)   [X/H]    [X/Fe]     [X/O]      X(i)
  p   1  12.000000  0.000000  0.000000  0.000000 5.93102E-01
 he   2  11.241664  0.311664  1.614779  1.620937 4.10883E-01
 li   3   1.902429 -1.357571 -0.054456 -0.048298 3.26227E-10
 be   4   0.000000 -1.300000  0.000000  0.000000 2.95122E-23
  b   5   0.000000 -2.790000  0.000000  0.000000 1.72535E-28
  c   6   7.848369 -0.621632  0.681484  0.687642 4.98444E-04
  n   7   7.073302 -0.796698  0.506418  0.512575 9.75699E-05
  o   8   7.438569 -1.291430  0.011685  0.000000 2.58423E-04
  f   9   3.507348 -0.912652  0.390464  0.378778 3.59522E-08
 ne  10   6.747215 -1.222785  0.080331  0.068646 6.63446E-05
 na  11   5.173523 -1.066476  0.236639  0.224954 2.01712E-06
 mg  12   6.337859 -1.302141  0.000975 -0.010710 3.11332E-05
 al  13   5.155773 -1.294227  0.008889 -0.002797 2.27256E-06
 si  14   6.249846 -1.300154  0.002962 -0.008724 2.93768E-05
  p  15   4.122007 -1.287992  0.015123  0.003438 2.41365E-07
  s  16   5.857494 -1.292506  0.010610 -0.001076 1.35892E-05
 cl  17   3.929592 -1.300408  0.002708 -0.008977 1.77384E-07
 ar  18   5.137290 -1.302711  0.000405 -0.011280 3.22443E-06
  k  19   3.777481 -1.302519  0.000597 -0.011088 1.37818E-07
 ca  20   4.987196 -1.302804  0.000312 -0.011374 2.28966E-06
 sc  21   1.753812 -1.296188  0.006928 -0.004758 1.50061E-09
 ti  22   3.608450 -1.301550  0.001566 -0.010119 1.14329E-07
  v  23   2.656225 -1.303775 -0.000659 -0.012344 1.35822E-08
 cr  24   4.318114 -1.321886 -0.018770 -0.030455 6.36434E-07
 mn  25   4.177413 -1.302587  0.000529 -0.011157 4.86357E-07
 fe  26   6.237308 -1.302692  0.000000 -0.011261 5.67494E-05
 co  27   3.580888 -1.289112  0.013580  0.002318 1.32104E-07
 ni  28   4.898013 -1.301987  0.000705 -0.010556 2.73067E-06
 cu  29   2.956676 -1.293324  0.009368 -0.001893 3.38402E-08
 zn  30   3.329270 -1.300730  0.001962 -0.009299 8.21443E-08
 ga  31   1.789877 -1.290123  0.012569  0.001307 2.52884E-09
 ge  32   2.257376 -1.322624 -0.019932 -0.031194 7.73074E-09
 as  33   1.006645 -1.293355  0.009337 -0.001924 4.47635E-10
 se  34   2.022502 -1.317498 -0.014806 -0.026067 4.89303E-09
 br  35   1.261052 -1.278948  0.023744  0.012483 8.57610E-10
 kr  36   2.041678 -1.208322  0.094370  0.083109 5.42727E-09
 rb  37   1.300686 -1.219314  0.083378  0.072116 1.00498E-09
 sr  38   1.850603 -1.029397  0.273295  0.262033 3.65490E-09
  y  39   1.267912 -0.942088  0.360604  0.349342 9.69421E-10
 zr  40   1.681877 -0.848123  0.454569  0.443308 2.58021E-09
 nb  41   0.519366 -0.890634  0.412058  0.400797 1.80750E-10
 mo  42   0.897224 -1.042776  0.259916  0.248655 4.45547E-10
 tc  43   0.000000 -9.000000  0.000000  0.000000 0.00000E+00
 ru  44   0.617742 -1.142258  0.160434  0.149172 2.46623E-10
 rh  45  -0.135803 -1.195803  0.106889  0.095627 4.42901E-11
 pd  46   0.608877 -1.041123  0.261569  0.250308 2.54431E-10
 ag  47   0.049433 -1.150567  0.152125  0.140863 7.11205E-11
 cd  48   0.776958 -0.933042  0.369650  0.358389 3.95764E-10
 in  49  -0.260882 -1.020882  0.281810  0.270548 3.70507E-11
 sn  50   1.222826 -0.847174  0.455518  0.444257 1.16676E-09
 sb  51  -0.188546 -1.198546  0.104146  0.092884 4.64117E-11
 te  52   0.851815 -1.328185 -0.025493 -0.036754 5.33746E-10
  i  53   0.310981 -1.239019  0.063673  0.052411 1.52801E-10
 xe  54   1.136779 -1.103221  0.199471  0.188209 1.05850E-09
 cs  55  -0.022367 -1.102368  0.200324  0.189063 7.42750E-11
 ba  56   1.616902 -0.563098  0.739594  0.728333 3.34447E-09
 la  57   0.594446 -0.575554  0.727138  0.715877 3.21245E-10
 ce  58   1.039648 -0.540352  0.762340  0.751078 9.03244E-10
 pr  59   0.048317 -0.711683  0.591009  0.579747 9.26663E-11
 nd  60   0.790002 -0.659998  0.642694  0.631432 5.23308E-10
 pm  61   0.000000 -9.000000  0.000000  0.000000 0.00000E+00
 sm  62   0.027248 -0.912752  0.389940  0.378679 9.41997E-11
 eu  63  -0.659431 -1.169431  0.133260  0.121999 1.95875E-11
 gd  64  -0.030007 -1.080007  0.222685  0.211423 8.63480E-11
 tb  65  -0.803759 -1.123759  0.178933  0.167672 1.46927E-11
 dy  66   0.137865 -0.992135  0.310557  0.299296 1.31337E-10
 ho  67  -0.680152 -1.150152  0.152540  0.141279 2.02683E-11
 er  68  -0.059043 -0.979043  0.323649  0.312388 8.59044E-11
 tm  69  -0.924318 -1.044318  0.258374  0.247112 1.18323E-11
 yb  70   0.151450 -0.768550  0.534142  0.522881 1.44300E-10
 lu  71  -0.740026 -0.830026  0.472666  0.461405 1.87327E-11
 hf  72   0.059900 -0.650100  0.652592  0.641331 1.20554E-10
 ta  73  -0.871638 -0.751638  0.551054  0.539792 1.43082E-11
  w  74   0.030349 -0.619651  0.683041  0.671779 1.16000E-10
 re  75  -0.721138 -0.981138  0.321554  0.310292 2.08222E-11
 os  76   0.265621 -1.084379  0.218313  0.207052 2.06333E-10
 ir  77   0.068521 -1.251480  0.051212  0.039951 1.32429E-10
 pt  78   0.440941 -1.179059  0.123633  0.112371 3.16824E-10
 au  79  -0.348394 -1.148394  0.154298  0.143036 5.19599E-11
 hg  80   0.512790 -0.657210  0.645482  0.634220 3.84387E-10
 tl  81   0.274494 -0.495506  0.807186  0.795925 2.26260E-10
 pb  82   2.240446  0.200446  1.503138  1.491877 2.12083E-08
 bi  83   0.451890 -0.198110  1.104582  1.093320 3.48068E-10
 po  84   0.000000 -9.000000  0.000000  0.000000 0.00000E+00
#[ls/Fe]_Bisterzo =   0.4076, [hs/Fe]_Bisterzo =   0.5866
#[hs/ls]_Bisterzo =   0.1790, [Pb/hs]_Bisterzo =   0.9165
#[ls/Fe]_Thiswork =   0.3628, [hs/Fe]_Thiswork =   0.7430
#[hs/ls]_Thiswork =   0.3802, [Pb/hs]_Thiswork =   0.7601
# C/O =  2.5691E+00, c12/c13 = 1.73581E+02, n14/n15 = 3.70322E+03
# o16/o17 = 1.02218E+02, o16/o18 = 8.90770E+02
# mg24/mg25 =  7.9603E+00, mg24/mg26 =  7.0249E+00
# al26/al27 =  0.0000E+00, mg/al =  1.3652E-06
#
#  TP   Mass     Mcore    Menv    log L
#  8 1.699320 0.749191 0.950132 4.172920
# El  Z   log e(X)   [X/H]    [X/Fe]     [X/O]      X(i)
  p   1  12.000000  0.000000  0.000000  0.000000 5.92042E-01
 he   2  11.243092  0.313091  1.615783  1.604522 4.11499E-01
 li   3   1.824175 -1.435825 -0.133133 -0.144395 2.71950E-10
 be   4   0.000000 -1.300000  0.000000  0.000000 3.05419E-23
  b   5   0.000000 -2.790000  0.000000  0.000000 1.12740E-28
  c   6   8.107012 -0.362988  0.939703  0.928442 9.02575E-04
  n   7   7.076029 -0.793971  0.508721  0.497459 9.80090E-05
  o   8   7.464112 -1.265887  0.036805  0.000000 2.73588E-04
  f   9   3.757140 -0.662860  0.639832  0.603027 6.37882E-08
 ne  10   6.835640 -1.134359  0.168333  0.131528 8.11808E-05
 na  11   5.190022 -1.049978  0.252714  0.215909 2.09147E-06
 mg  12   6.341958 -1.298042  0.004650 -0.032155 3.13722E-05
 al  13   5.161748 -1.288251  0.014441 -0.022364 2.29993E-06
 si  14   6.252076 -1.297925  0.004767 -0.032037 2.94753E-05
  p  15   4.141855 -1.268145  0.034547 -0.002257 2.52200E-07
  s  16   5.858345 -1.291656  0.011036 -0.025768 1.35915E-05
 cl  17   3.932241 -1.297759  0.004933 -0.031871 1.78150E-07
 ar  18   5.137884 -1.302116  0.000576 -0.036229 3.22308E-06
  k  19   3.778914 -1.301085  0.001606 -0.035198 1.38026E-07
 ca  20   4.987695 -1.302305  0.000387 -0.036418 2.28819E-06
 sc  21   1.761311 -1.288689  0.014003 -0.022802 1.52402E-09
 ti  22   3.610280 -1.299720  0.002972 -0.033833 1.14606E-07
  v  23   2.656940 -1.303061 -0.000369 -0.037173 1.35802E-08
 cr  24   4.318805 -1.321195 -0.018503 -0.055308 6.36307E-07
 mn  25   4.178081 -1.301919  0.000772 -0.036032 4.86234E-07
 fe  26   6.237895 -1.302105  0.000000 -0.036218 5.67245E-05
 co  27   3.594825 -1.275175  0.026930 -0.009288 1.36168E-07
 ni  28   4.899693 -1.300307  0.001798 -0.034420 2.73635E-06
 cu  29   2.971586 -1.278414  0.023692 -0.012527 3.49596E-08
 zn  30   3.333684 -1.296316  0.005789 -0.030429 8.28349E-08
 ga  31   1.809743 -1.270257  0.031848 -0.004370 2.64247E-09
 ge  32   2.279646 -1.300354  0.001751 -0.034467 8.12295E-09
 as  33   1.021476 -1.278524  0.023581 -0.012637 4.62357E-10
 se  34   2.063734 -1.276266  0.025840 -0.010379 5.37073E-09
 br  35   1.295311 -1.244689  0.057416  0.021198 9.26341E-10
 kr  36   2.141225 -1.108775  0.193330  0.157112 6.81320E-09
 rb  37   1.398678 -1.121322  0.180783  0.144565 1.25711E-09
 sr  38   2.063940 -0.816060  0.486045  0.449827 5.96260E-09
  y  39   1.508283 -0.701717  0.600388  0.564170 1.68308E-09
 zr  40   1.939052 -0.590948  0.711157  0.674939 4.65643E-09
 nb  41   0.764398 -0.645602  0.656503  0.620285 3.17200E-10
 mo  42   1.126031 -0.813969  0.488136  0.451918 7.53222E-10
 tc  43   0.000000 -9.000000  0.000000  0.000000 0.00000E+00
 ru  44   0.816177 -0.943823  0.358283  0.322065 3.88769E-10
 rh  45  -0.034180 -1.094180  0.207926  0.171708 5.58666E-11
 pd  46   0.820296 -0.829704  0.472402  0.436184 4.13249E-10
 ag  47   0.180511 -1.019489  0.282617  0.246399 9.60055E-11
 cd  48   1.004717 -0.705283  0.596822  0.560604 6.67448E-10
 in  49  -0.070125 -0.830125  0.471981  0.435763 5.73823E-11
 sn  50   1.465364 -0.604635  0.697470  0.661252 2.03584E-09
 sb  51   0.010856 -0.999144  0.302961  0.266743 7.33250E-11
 te  52   1.075629 -1.104371  0.197735  0.161516 8.92015E-10
  i  53   0.369806 -1.180194  0.121912  0.085694 1.74652E-10
 xe  54   1.295509 -0.944491  0.357615  0.321397 1.52280E-09
 cs  55   0.118269 -0.961731  0.340374  0.304156 1.02495E-10
 ba  56   1.876170 -0.303830  0.998276  0.962057 6.06483E-09
 la  57   0.851956 -0.318044  0.984062  0.947844 5.80189E-10
 ce  58   1.303488 -0.276512  1.025593  0.989375 1.65527E-09
 pr  59   0.292838 -0.467162  0.834944  0.798725 1.62430E-10
 nd  60   1.043578 -0.406422  0.895684  0.859465 9.36604E-10
 pm  61   0.000000 -9.000000  0.000000  0.000000 0.00000E+00
 sm  62   0.261999 -0.678001  0.624105  0.587886 1.61445E-10
 eu  63  -0.554494 -1.064494  0.237612  0.201393 2.48965E-11
 gd  64   0.160827 -0.889173  0.412932  0.376714 1.33755E-10
 tb  65  -0.673223 -0.993223  0.308883  0.272665 1.98089E-11
 dy  66   0.321608 -0.808392  0.493713  0.457495 2.00149E-10
 ho  67  -0.564404 -1.034405  0.267701  0.231483 2.64111E-11
 er  68   0.132514 -0.787486  0.514619  0.478401 1.33289E-10
 tm  69  -0.761045 -0.881045  0.421061  0.384843 1.72014E-11
 yb  70   0.401854 -0.518146  0.783959  0.747741 2.56385E-10
 lu  71  -0.512974 -0.602974  0.699132  0.662913 3.15409E-11
 hf  72   0.313381 -0.396619  0.905487  0.869268 2.15718E-10
 ta  73  -0.633112 -0.513112  0.788993  0.752775 2.47362E-11
  w  74   0.289117 -0.360883  0.941222  0.905004 2.10111E-10
 re  75  -0.535769 -0.795768  0.506337  0.470119 3.18507E-11
 os  76   0.418840 -0.931160  0.370946  0.334728 2.93097E-10
 ir  77   0.116792 -1.203208  0.098897  0.062679 1.47732E-10
 pt  78   0.560274 -1.059726  0.242380  0.206161 4.16270E-10
 au  79  -0.232658 -1.032658  0.269447  0.233229 6.77060E-11
 hg  80   0.774479 -0.395521  0.906584  0.870366 7.00938E-10
 tl  81   0.554266 -0.215734  1.086371  1.050153 4.30133E-10
 pb  82   2.575801  0.535801  1.837906  1.801688 4.58229E-08
 bi  83   0.800130  0.150130  1.452235  1.416017 7.74687E-10
 po  84   0.000000 -9.000000  0.000000  0.000000 0.00000E+00
#[ls/Fe]_Bisterzo =   0.6558, [hs/Fe]_Bisterzo =   0.8346
#[hs/ls]_Bisterzo =   0.1788, [Pb/hs]_Bisterzo =   1.0033
#[ls/Fe]_Thiswork =   0.5992, [hs/Fe]_Thiswork =   1.0026
#[hs/ls]_Thiswork =   0.4034, [Pb/hs]_Thiswork =   0.8353
# C/O =  4.3942E+00, c12/c13 = 3.15345E+02, n14/n15 = 3.69082E+03
# o16/o17 = 1.08492E+02, o16/o18 = 9.41782E+02
# mg24/mg25 =  7.8330E+00, mg24/mg26 =  6.8802E+00
# al26/al27 =  0.0000E+00, mg/al =  1.3760E-06
#
#  TP   Mass     Mcore    Menv    log L
#  9 1.698320 0.751571 0.946746 4.189480
# El  Z   log e(X)   [X/H]    [X/Fe]     [X/O]      X(i)
  p   1  12.000000  0.000000  0.000000  0.000000 5.90798E-01
 he   2  11.244769  0.314769  1.616874  1.580656 4.12224E-01
 li   3   1.769380 -1.490620 -0.188515 -0.224733 2.39211E-10
 be   4   0.000000 -1.300000  0.000000  0.000000 4.47852E-23
  b   5   0.000000 -2.790000  0.000000  0.000000 9.22412E-29
  c   6   8.290103 -0.179897  1.122208  1.085990 1.37297E-03
  n   7   7.079554 -0.790446  0.511659  0.475441 9.86001E-05
  o   8   7.492465 -1.237535  0.064570  0.000000 2.91431E-04
  f   9   3.963785 -0.456215  0.845891  0.781320 1.02440E-07
 ne  10   6.929473 -1.040527  0.261579  0.197008 1.00548E-04
 na  11   5.212292 -1.027708  0.274398  0.209827 2.19690E-06
 mg  12   6.348573 -1.291427  0.010678 -0.053892 3.17868E-05
 al  13   5.170767 -1.279233  0.022872 -0.041698 2.34325E-06
 si  14   6.254426 -1.295574  0.006531 -0.058039 2.95729E-05
  p  15   4.166159 -1.243841  0.058264 -0.006306 2.66155E-07
  s  16   5.859367 -1.290633  0.011472 -0.053098 1.35949E-05
 cl  17   3.935229 -1.294771  0.007335 -0.057236 1.79003E-07
 ar  18   5.138582 -1.301418  0.000688 -0.063883 3.22148E-06
  k  19   3.780589 -1.299411  0.002695 -0.061876 1.38268E-07
 ca  20   4.988285 -1.301715  0.000390 -0.064180 2.28649E-06
 sc  21   1.770126 -1.279874  0.022232 -0.042339 1.55200E-09
 ti  22   3.612448 -1.297552  0.004553 -0.060017 1.14938E-07
  v  23   2.657783 -1.302217 -0.000112 -0.064682 1.35780E-08
 cr  24   4.319615 -1.320385 -0.018280 -0.082850 6.36156E-07
 mn  25   4.178932 -1.301068  0.001038 -0.063533 4.86165E-07
 fe  26   6.238581 -1.301419  0.000000 -0.063884 5.66948E-05
 co  27   3.609474 -1.260526  0.040894 -0.022991 1.40544E-07
 ni  28   4.901620 -1.298379  0.003040 -0.060844 2.74274E-06
 cu  29   2.989000 -1.261000  0.040420 -0.023465 3.63134E-08
 zn  30   3.339903 -1.290097  0.011322 -0.052562 8.38530E-08
 ga  31   1.836846 -1.243154  0.058266 -0.005619 2.80673E-09
 ge  32   2.309929 -1.270071  0.031348 -0.032536 8.69127E-09
 as  33   1.042054 -1.257946  0.043473 -0.020411 4.83774E-10
 se  34   2.116867 -1.223133  0.078286  0.014402 6.05693E-09
 br  35   1.340222 -1.199778  0.101642  0.037757 1.02511E-09
 kr  36   2.245326 -1.004674  0.296745  0.232861 8.64049E-09
 rb  37   1.505257 -1.014743  0.286676  0.222792 1.60339E-09
 sr  38   2.234809 -0.645191  0.656228  0.592344 8.81841E-09
  y  39   1.687532 -0.522468  0.778952  0.715067 2.53771E-09
 zr  40   2.119555 -0.410444  0.890975  0.827091 7.04114E-09
 nb  41   0.938947 -0.471053  0.830366  0.766482 4.73118E-10
 mo  42   1.289723 -0.650277  0.651143  0.587258 1.09572E-09
 tc  43   0.000000 -9.000000  0.000000  0.000000 0.00000E+00
 ru  44   0.964314 -0.795686  0.505733  0.441849 5.45650E-10
 rh  45   0.056605 -1.003395  0.298025  0.234140 6.87107E-11
 pd  46   0.975104 -0.674896  0.626524  0.562639 5.88988E-10
 ag  47   0.290485 -0.909515  0.391905  0.328020 1.23412E-10
 cd  48   1.164846 -0.545154  0.756266  0.692381 9.63016E-10
 in  49   0.072078 -0.687922  0.613497  0.549613 7.94450E-11
 sn  50   1.630409 -0.439591  0.861829  0.797944 2.97081E-09
 sb  51   0.155434 -0.854566  0.446853  0.382969 1.02074E-10
 te  52   1.231343 -0.948657  0.352762  0.288878 1.27401E-09
  i  53   0.425010 -1.124990  0.176429  0.112545 1.97908E-10
 xe  54   1.419309 -0.820691  0.480728  0.416844 2.02082E-09
 cs  55   0.230964 -0.849036  0.452383  0.388499 1.32582E-10
 ba  56   2.053016 -0.126984  1.174435  1.110551 9.09390E-09
 la  57   1.030629 -0.139371  1.162048  1.098164 8.73632E-10
 ce  58   1.489696 -0.090304  1.211115  1.147231 2.53607E-09
 pr  59   0.471651 -0.288349  1.013070  0.949186 2.44661E-10
 nd  60   1.226330 -0.223670  1.077749  1.013865 1.42362E-09
 pm  61   0.000000 -9.000000  0.000000  0.000000 0.00000E+00
 sm  62   0.438211 -0.501789  0.799631  0.735746 2.41726E-10
 eu  63  -0.454610 -0.964610  0.336809  0.272925 3.12687E-11
 gd  64   0.316012 -0.733988  0.567432  0.503547 1.90801E-10
 tb  65  -0.554845 -0.874845  0.426574  0.362690 2.59613E-11
 dy  66   0.472239 -0.657761  0.643658  0.579774 2.82534E-10
 ho  67  -0.456874 -0.926874  0.374545  0.310661 3.37601E-11
 er  68   0.288251 -0.631749  0.669670  0.605786 1.90379E-10
 tm  69  -0.622712 -0.742712  0.558707  0.494823 2.36039E-11
 yb  70   0.588271 -0.331729  0.969690  0.905806 3.93004E-10
 lu  71  -0.337523 -0.427523  0.873896  0.810012 4.71424E-11
 hf  72   0.500162 -0.209838  1.091581  1.027697 3.30944E-10
 ta  73  -0.453069 -0.333069  0.968351  0.904466 3.73648E-11
  w  74   0.479222 -0.170778  1.130642  1.066757 3.24818E-10
 re  75  -0.382237 -0.642237  0.659182  0.595298 4.52624E-11
 os  76   0.555462 -0.794538  0.506881  0.442997 4.00607E-10
 ir  77   0.169987 -1.150013  0.151406  0.087522 1.66631E-10
 pt  78   0.673319 -0.946681  0.354738  0.290854 5.38897E-10
 au  79  -0.122983 -0.922983  0.378436  0.314552 8.69739E-11
 hg  80   0.967797 -0.202203  1.099217  1.035332 1.09165E-09
 tl  81   0.756615 -0.013385  1.288034  1.224150 6.83971E-10
 pb  82   2.801014  0.761014  2.062433  1.998549 7.68038E-08
 bi  83   1.033105  0.383105  1.684524  1.620640 1.32187E-09
 po  84   0.000000 -9.000000  0.000000  0.000000 0.00000E+00
#[ls/Fe]_Bisterzo =   0.8350, [hs/Fe]_Bisterzo =   1.0131
#[hs/ls]_Bisterzo =   0.1782, [Pb/hs]_Bisterzo =   1.0493
#[ls/Fe]_Thiswork =   0.7754, [hs/Fe]_Thiswork =   1.1825
#[hs/ls]_Thiswork =   0.4071, [Pb/hs]_Thiswork =   0.8799
# C/O =  6.2752E+00, c12/c13 = 4.80100E+02, n14/n15 = 3.69531E+03
# o16/o17 = 1.15900E+02, o16/o18 = 1.00211E+03
# mg24/mg25 =  7.6245E+00, mg24/mg26 =  6.6598E+00
# al26/al27 =  0.0000E+00, mg/al =  1.3947E-06
#
#  TP   Mass     Mcore    Menv    log L
# 10 1.695280 0.753791 0.941485 4.203570
# El  Z   log e(X)   [X/H]    [X/Fe]     [X/O]      X(i)
  p   1  12.000000  0.000000  0.000000  0.000000 5.89380E-01
 he   2  11.246682  0.316682  1.618101  1.554217 4.13050E-01
 li   3   1.728887 -1.531113 -0.229694 -0.293578 2.17392E-10
 be   4   0.000000 -1.300000  0.000000  0.000000 6.21958E-23
  b   5   0.000000 -2.790000  0.000000  0.000000 1.30109E-28
  c   6   8.433815 -0.036185  1.265234  1.201350 1.90691E-03
  n   7   7.083916 -0.786084  0.515335  0.451451 9.93564E-05
  o   8   7.522113 -1.207887  0.093533  0.000000 3.11272E-04
  f   9   4.137792 -0.282208  1.019211  0.925679 1.52558E-07
 ne  10   7.021307 -0.948693  0.352726  0.259194 1.23926E-04
 na  11   5.238805 -1.001194  0.300225  0.206692 2.32959E-06
 mg  12   6.357507 -1.282493  0.018926 -0.074606 3.23696E-05
 al  13   5.182982 -1.267017  0.034402 -0.059131 2.40432E-06
 si  14   6.256851 -1.293149  0.008270 -0.085262 2.96672E-05
  p  15   4.192644 -1.217356  0.084064 -0.009469 2.82213E-07
  s  16   5.860538 -1.289462  0.011958 -0.081575 1.35989E-05
 cl  17   3.938515 -1.291485  0.009934 -0.083599 1.79930E-07
 ar  18   5.139382 -1.300618  0.000802 -0.092731 3.21968E-06
  k  19   3.782472 -1.297528  0.003891 -0.089642 1.38535E-07
 ca  20   4.988966 -1.301034  0.000385 -0.093147 2.28458E-06
 sc  21   1.779991 -1.270009  0.031410 -0.062122 1.58385E-09
 ti  22   3.614934 -1.295066  0.006353 -0.087179 1.15320E-07
  v  23   2.658749 -1.301251  0.000168 -0.093365 1.35756E-08
 cr  24   4.320546 -1.319454 -0.018034 -0.111567 6.35991E-07
 mn  25   4.179971 -1.300029  0.001390 -0.092142 4.86160E-07
 fe  26   6.239371 -1.300629  0.000000 -0.092742 5.66618E-05
 co  27   3.624821 -1.245179  0.055449 -0.037292 1.45250E-07
 ni  28   4.903667 -1.296332  0.004296 -0.088446 2.74909E-06
 cu  29   3.006625 -1.243375  0.057254 -0.035488 3.77267E-08
 zn  30   3.347194 -1.282806  0.017822 -0.074920 8.50681E-08
 ga  31   1.867929 -1.212071  0.088557 -0.004185 3.00774E-09
 ge  32   2.344695 -1.235305  0.065324 -0.027418 9.39303E-09
 as  33   1.066328 -1.233672  0.066957 -0.025785 5.10355E-10
 se  34   2.175020 -1.164980  0.135649  0.042907 6.90816E-09
 br  35   1.390352 -1.149648  0.150981  0.058239 1.14777E-09
 kr  36   2.346394 -0.903606  0.397022  0.304280 1.08783E-08
 rb  37   1.609540 -0.910460  0.390169  0.297427 2.03366E-09
 sr  38   2.374597 -0.505404  0.795225  0.702483 1.21376E-08
  y  39   1.829150 -0.380850  0.919779  0.827037 3.50765E-09
 zr  40   2.258142 -0.271858  1.028771  0.936029 9.66467E-09
 nb  41   1.073900 -0.336100  0.964529  0.871787 6.43990E-10
 mo  42   1.416866 -0.523134  0.777495  0.684753 1.46488E-09
 tc  43   0.000000 -9.000000  0.000000  0.000000 0.00000E+00
 ru  44   1.082084 -0.677916  0.622712  0.529970 7.13906E-10
 rh  45   0.137112 -0.922888  0.377740  0.284998 8.25063E-11
 pd  46   1.096833 -0.553167  0.747462  0.654720 7.77664E-10
 ag  47   0.384194 -0.815806  0.484823  0.392081 1.52764E-10
 cd  48   1.289404 -0.420596  0.880033  0.787291 1.27982E-09
 in  49   0.186318 -0.573682  0.726947  0.634205 1.03101E-10
 sn  50   1.757074 -0.312926  0.987703  0.894961 3.96731E-09
 sb  51   0.270126 -0.739874  0.560755  0.468013 1.32607E-10
 te  52   1.352601 -0.827399  0.473230  0.380488 1.68030E-09
  i  53   0.477224 -1.072776  0.227853  0.135111 2.22656E-10
 xe  54   1.522205 -0.717795  0.582834  0.490092 2.55495E-09
 cs  55   0.326563 -0.753437  0.547192  0.454450 1.64831E-10
 ba  56   2.194635  0.014635  1.315264  1.222522 1.25697E-08
 la  57   1.176567  0.006567  1.307196  1.214454 1.21962E-09
 ce  58   1.645659  0.065659  1.366288  1.273546 3.62312E-09
 pr  59   0.624326 -0.135674  1.164954  1.072212 3.46894E-10
 nd  60   1.382236 -0.067764  1.232865  1.140123 2.03356E-09
 pm  61   0.000000 -9.000000  0.000000  0.000000 0.00000E+00
 sm  62   0.591828 -0.348172  0.952457  0.859715 3.43476E-10
 eu  63  -0.353243 -0.863243  0.437386  0.344644 3.93942E-11
 gd  64   0.457424 -0.592576  0.708053  0.615311 2.63603E-10
 tb  65  -0.438957 -0.758957  0.541671  0.448929 3.38197E-11
 dy  66   0.610631 -0.519369  0.781260  0.688518 3.87631E-10
 ho  67  -0.349299 -0.819299  0.481329  0.388587 4.31455E-11
 er  68   0.430700 -0.489300  0.811329  0.718587 2.63648E-10
 tm  69  -0.492146 -0.612146  0.688482  0.595740 3.18058E-11
 yb  70   0.750388 -0.169612  1.131017  1.038275 5.69468E-10
 lu  71  -0.181615 -0.271615  1.029014  0.936272 6.73405E-11
 hf  72   0.662511 -0.047489  1.253139  1.160398 4.79800E-10
 ta  73  -0.294446 -0.174446  1.126183  1.033441 5.37085E-11
  w  74   0.644406 -0.005594  1.295035  1.202293 4.74003E-10
 re  75  -0.239077 -0.499077  0.801552  0.708810 6.27847E-11
 os  76   0.687321 -0.662679  0.637949  0.545207 5.41421E-10
 ir  77   0.231311 -1.088689  0.211939  0.119197 1.91442E-10
 pt  78   0.787553 -0.832447  0.468181  0.375440 6.99352E-10
 au  79  -0.011372 -0.811372  0.489257  0.396515 1.12191E-10
 hg  80   1.136127 -0.033872  1.266756  1.174014 1.60462E-09
 tl  81   0.930359  0.160359  1.460988  1.368246 1.01798E-09
 pb  82   2.965516  0.925516  2.226145  2.133403 1.11903E-07
 bi  83   1.202545  0.552545  1.853174  1.760432 1.94798E-09
 po  84   0.000000 -9.000000  0.000000  0.000000 0.00000E+00
#[ls/Fe]_Bisterzo =   0.9743, [hs/Fe]_Bisterzo =   1.1642
#[hs/ls]_Bisterzo =   0.1899, [Pb/hs]_Bisterzo =   1.0620
#[ls/Fe]_Thiswork =   0.9146, [hs/Fe]_Thiswork =   1.3296
#[hs/ls]_Thiswork =   0.4150, [Pb/hs]_Thiswork =   0.8966
# C/O =  8.1600E+00, c12/c13 = 6.66473E+02, n14/n15 = 3.71529E+03
# o16/o17 = 1.24158E+02, o16/o18 = 1.06905E+03
# mg24/mg25 =  7.3294E+00, mg24/mg26 =  6.3861E+00
# al26/al27 =  0.0000E+00, mg/al =  1.4209E-06
#
#  TP   Mass     Mcore    Menv    log L
# 11 1.685220 0.755899 0.929321 4.215260
# El  Z   log e(X)   [X/H]    [X/Fe]     [X/O]      X(i)
  p   1  12.000000  0.000000  0.000000  0.000000 5.87824E-01
 he   2  11.248794  0.318793  1.619422  1.526680 4.13968E-01
 li   3   1.691921 -1.568079 -0.267450 -0.360192 1.99127E-10
 be   4   0.000000 -1.300000  0.000000  0.000000 9.63899E-23
  b   5   0.000000 -2.790000  0.000000  0.000000 1.20979E-28
  c   6   8.549200  0.079200  1.379828  1.287086 2.48065E-03
  n   7   7.088901 -0.781099  0.519529  0.426787 1.00238E-04
  o   8   7.551018 -1.178982  0.121647  0.000000 3.31816E-04
  f   9   4.289891 -0.130109  1.170519  1.048872 2.15966E-07
 ne  10   7.112339 -0.857661  0.442967  0.321321 1.52422E-04
 na  11   5.269121 -0.970879  0.329750  0.208103 2.49142E-06
 mg  12   6.368451 -1.271549  0.029080 -0.092567 3.31080E-05
 al  13   5.197875 -1.252125  0.048503 -0.073143 2.48162E-06
 si  14   6.259319 -1.290681  0.009948 -0.111699 2.97575E-05
  p  15   4.219523 -1.190476  0.110152 -0.011495 2.99438E-07
  s  16   5.861824 -1.288177  0.012452 -0.109195 1.36032E-05
 cl  17   3.942051 -1.287949  0.012680 -0.108967 1.80922E-07
 ar  18   5.140266 -1.299734  0.000895 -0.120752 3.21772E-06
  k  19   3.784524 -1.295476  0.005153 -0.116494 1.38824E-07
 ca  20   4.989721 -1.300279  0.000350 -0.121297 2.28252E-06
 sc  21   1.790659 -1.259341  0.041288 -0.080359 1.61895E-09
 ti  22   3.617608 -1.292392  0.008237 -0.113410 1.15726E-07
  v  23   2.659792 -1.300208  0.000421 -0.121226 1.35724E-08
 cr  24   4.321575 -1.318425 -0.017797 -0.139443 6.35816E-07
 mn  25   4.181130 -1.298870  0.001759 -0.119888 4.86172E-07
 fe  26   6.240250 -1.299750  0.000000 -0.120768 5.66267E-05
 co  27   3.641030 -1.228970  0.070780 -0.049988 1.50375E-07
 ni  28   4.905828 -1.294172  0.005578 -0.115191 2.75550E-06
 cu  29   3.024306 -1.225694  0.074056 -0.046712 3.91905E-08
 zn  30   3.355372 -1.274628  0.025122 -0.095646 8.64563E-08
 ga  31   1.901787 -1.178213  0.121537  0.000769 3.24302E-09
 ge  32   2.382379 -1.197621  0.102129 -0.018640 1.02174E-08
 as  33   1.093370 -1.206630  0.093120 -0.027648 5.41710E-10
 se  34   2.234187 -1.105813  0.193937  0.073169 7.89552E-09
 br  35   1.442132 -1.097868  0.201882  0.081114 1.28970E-09
 kr  36   2.437586 -0.812414  0.487336  0.366568 1.33846E-08
 rb  37   1.704902 -0.815098  0.484652  0.363883 2.52634E-09
 sr  38   2.485620 -0.394380  0.905370  0.784602 1.56319E-08
  y  39   1.940156 -0.269844  1.029906  0.909138 4.51724E-09
 zr  40   2.365978 -0.164022  1.135728  1.014960 1.23559E-08
 nb  41   1.179716 -0.230284  1.069466  0.948698 8.19497E-10
 mo  42   1.516729 -0.423271  0.876479  0.755711 1.83872E-09
 tc  43   0.000000 -9.000000  0.000000  0.000000 0.00000E+00
 ru  44   1.174085 -0.585915  0.713835  0.593066 8.80022E-10
 rh  45   0.204461 -0.855539  0.444211  0.323443 9.60924E-11
 pd  46   1.191990 -0.458010  0.841740  0.720972 9.65607E-10
 ag  47   0.461739 -0.738261  0.561488  0.440720 1.82145E-10
 cd  48   1.387854 -0.322146  0.977603  0.856835 1.60121E-09
 in  49   0.278584 -0.481416  0.818334  0.697566 1.27169E-10
 sn  50   1.856975 -0.213025  1.086725  0.965956 4.98023E-09
 sb  51   0.362436 -0.647564  0.652186  0.531418 1.63579E-10
 te  52   1.448994 -0.731006  0.568743  0.447975 2.09233E-09
  i  53   0.524734 -1.025266  0.274483  0.153715 2.47740E-10
 xe  54   1.607735 -0.632265  0.667485  0.546716 3.10287E-09
 cs  55   0.406793 -0.673207  0.626542  0.505774 1.97752E-10
 ba  56   2.306508  0.126508  1.426258  1.305490 1.62200E-08
 la  57   1.291891  0.121891  1.421641  1.300873 1.58635E-09
 ce  58   1.768580  0.188580  1.488330  1.367562 4.79573E-09
 pr  59   0.745570 -0.014430  1.285320  1.164552 4.57397E-10
 nd  60   1.504714  0.054714  1.354464  1.233696 2.68898E-09
 pm  61   0.000000 -9.000000  0.000000  0.000000 0.00000E+00
 sm  62   0.713734 -0.226266  1.073483  0.952715 4.53579E-10
 eu  63  -0.264017 -0.774017  0.525733  0.404965 4.82515E-11
 gd  64   0.573120 -0.476880  0.822870  0.702102 3.43161E-10
 tb  65  -0.339561 -0.659561  0.640188  0.519420 4.24050E-11
 dy  66   0.723923 -0.406077  0.893673  0.772905 5.01837E-10
 ho  67  -0.256382 -0.726382  0.573368  0.452600 5.32972E-11
 er  68   0.545845 -0.374155  0.925595  0.804827 3.42785E-10
 tm  69  -0.384731 -0.504731  0.795019  0.674250 4.06231E-11
 yb  70   0.877425 -0.042575  1.257175  1.136407 7.60954E-10
 lu  71  -0.057350 -0.147350  1.152400  1.031632 8.94113E-11
 hf  72   0.790522  0.080522  1.380271  1.259503 6.42573E-10
 ta  73  -0.168898 -0.048898  1.250852  1.130084 7.15226E-11
  w  74   0.772892  0.122892  1.422642  1.301874 6.35504E-10
 re  75  -0.123380 -0.383380  0.916370  0.795602 8.17340E-11
 os  76   0.796115 -0.553885  0.745865  0.625097 6.93715E-10
 ir  77   0.289602 -1.030398  0.269352  0.148584 2.18364E-10
 pt  78   0.886298 -0.733702  0.566048  0.445280 8.75575E-10
 au  79   0.086162 -0.713838  0.585911  0.465143 1.40069E-10
 hg  80   1.267559  0.097559  1.397309  1.276541 2.16598E-09
 tl  81   1.065906  0.295906  1.595655  1.474887 1.38720E-09
 pb  82   3.092406  1.052406  2.352156  2.231388 1.49480E-07
 bi  83   1.333267  0.683267  1.983017  1.862249 2.62518E-09
 po  84   0.000000 -9.000000  0.000000  0.000000 0.00000E+00
#[ls/Fe]_Bisterzo =   1.0828, [hs/Fe]_Bisterzo =   1.2832
#[hs/ls]_Bisterzo =   0.2004, [Pb/hs]_Bisterzo =   1.0690
#[ls/Fe]_Thiswork =   1.0237, [hs/Fe]_Thiswork =   1.4454
#[hs/ls]_Thiswork =   0.4217, [Pb/hs]_Thiswork =   0.9067
# C/O =  9.9580E+00, c12/c13 = 8.65506E+02, n14/n15 = 3.74617E+03
# o16/o17 = 1.32736E+02, o16/o18 = 1.13862E+03
# mg24/mg25 =  6.9531E+00, mg24/mg26 =  6.0759E+00
# al26/al27 =  0.0000E+00, mg/al =  1.4542E-06
#
#  TP   Mass     Mcore    Menv    log L
# 12 1.637390 0.757931 0.879462 4.224890
# El  Z   log e(X)   [X/H]    [X/Fe]     [X/O]      X(i)
  p   1  12.000000  0.000000  0.000000  0.000000 5.86154E-01
 he   2  11.251075  0.321074  1.620824  1.500056 4.14965E-01
 li   3   1.661664 -1.598336 -0.298586 -0.419354 1.85198E-10
 be   4   0.000000 -1.300000  0.000000  0.000000 1.45825E-22
  b   5   0.000000 -2.790000  0.000000  0.000000 1.20180E-28
  c   6   8.645249  0.175249  1.474999  1.354231 3.08588E-03
  n   7   7.094490 -0.775510  0.524240  0.403472 1.01248E-04
  o   8   7.578349 -1.151650  0.148099  0.000000 3.52365E-04
  f   9   4.422788  0.002788  1.302538  1.154438 2.92447E-07
 ne  10   7.192092 -0.777908  0.521842  0.373743 1.82627E-04
 na  11   5.300309 -0.939691  0.360059  0.211960 2.66931E-06
 mg  12   6.381092 -1.258908  0.040842 -0.107257 3.39890E-05
 al  13   5.214786 -1.235214  0.064536 -0.083564 2.57283E-06
 si  14   6.261827 -1.288174  0.011576 -0.136523 2.98447E-05
  p  15   4.245588 -1.164412  0.135338 -0.012762 3.17056E-07
  s  16   5.863192 -1.286808  0.012942 -0.135158 1.36074E-05
 cl  17   3.945784 -1.284216  0.015533 -0.132566 1.81965E-07
 ar  18   5.141221 -1.298779  0.000971 -0.147129 3.21564E-06
  k  19   3.786720 -1.293280  0.006470 -0.141629 1.39132E-07
 ca  20   4.990538 -1.299462  0.000288 -0.147811 2.28032E-06
 sc  21   1.801792 -1.248208  0.051542 -0.096557 1.65627E-09
 ti  22   3.620347 -1.289653  0.010097 -0.138002 1.16127E-07
  v  23   2.660858 -1.299142  0.000608 -0.147491 1.35670E-08
 cr  24   4.322680 -1.317319 -0.017570 -0.165669 6.35625E-07
 mn  25   4.182400 -1.297600  0.002150 -0.145949 4.86210E-07
 fe  26   6.241205 -1.298795  0.000000 -0.147144 5.65901E-05
 co  27   3.657844 -1.212156  0.086638 -0.060506 1.55867E-07
 ni  28   4.908083 -1.291917  0.006878 -0.140266 2.76198E-06
 cu  29   3.041845 -1.208155  0.090640 -0.056504 4.06897E-08
 zn  30   3.364329 -1.265671  0.033124 -0.114020 8.80071E-08
 ga  31   1.937926 -1.142074  0.156721  0.009577 3.51442E-09
 ge  32   2.422915 -1.157084  0.141710 -0.005434 1.11851E-08
 as  33   1.123495 -1.176505  0.122290 -0.024854 5.78969E-10
 se  34   2.295458 -1.044542  0.254253  0.107108 9.06601E-09
 br  35   1.496635 -1.043365  0.255430  0.108286 1.45799E-09
 kr  36   2.520610 -0.729390  0.569405  0.422260 1.61582E-08
 rb  37   1.793291 -0.726709  0.572086  0.424942 3.08778E-09
 sr  38   2.579736 -0.300264  0.998530  0.851386 1.93593E-08
  y  39   2.032343 -0.177657  1.121138  0.973993 5.56961E-09
 zr  40   2.453805 -0.076195  1.222600  1.075455 1.50822E-08
 nb  41   1.266038 -0.143962  1.154833  1.007688 9.96856E-10
 mo  42   1.597862 -0.342138  0.956657  0.809513 2.21010E-09
 tc  43   0.000000 -9.000000  0.000000  0.000000 0.00000E+00
 ru  44   1.248753 -0.511247  0.787547  0.640403 1.04214E-09
 rh  45   0.261772 -0.798228  0.500567  0.353423 1.09336E-10
 pd  46   1.269044 -0.380956  0.917839  0.770694 1.14979E-09
 ag  47   0.526755 -0.673245  0.625550  0.478406 2.10959E-10
 cd  48   1.467243 -0.242757  1.056038  0.908894 1.91692E-09
 in  49   0.353821 -0.406179  0.892616  0.745471 1.50793E-10
 sn  50   1.937490 -0.132510  1.166284  1.019140 5.97761E-09
 sb  51   0.437925 -0.572075  0.726720  0.579576 1.94080E-10
 te  52   1.527180 -0.652820  0.645974  0.498830 2.49794E-09
  i  53   0.567168 -0.982832  0.315963  0.168819 2.72392E-10
 xe  54   1.678878 -0.561122  0.737673  0.590528 3.64477E-09
 cs  55   0.473857 -0.606143  0.692652  0.545507 2.30117E-10
 ba  56   2.392338  0.212338  1.511132  1.363988 1.97081E-08
 la  57   1.378915  0.208915  1.507710  1.360565 1.93280E-09
 ce  58   1.858523  0.278523  1.577318  1.430174 5.88250E-09
 pr  59   0.834398  0.074398  1.373193  1.226049 5.59609E-10
 nd  60   1.592937  0.142937  1.441732  1.294588 3.28529E-09
 pm  61   0.000000 -9.000000  0.000000  0.000000 0.00000E+00
 sm  62   0.801637 -0.138363  1.160431  1.013287 5.53758E-10
 eu  63  -0.195734 -0.705734  0.593061  0.445916 5.63063E-11
 gd  64   0.657372 -0.392627  0.906167  0.759023 4.15446E-10
 tb  65  -0.265078 -0.585078  0.713717  0.566573 5.01956E-11
 dy  66   0.806197 -0.323803  0.974992  0.827848 6.04785E-10
 ho  67  -0.186606 -0.656606  0.642188  0.495044 6.24086E-11
 er  68   0.628759 -0.291241  1.007554  0.860410 4.13713E-10
 tm  69  -0.306436 -0.426436  0.872359  0.725215 4.85102E-11
 yb  70   0.967068  0.047068  1.345862  1.198718 9.32750E-10
 lu  71   0.030890 -0.059110  1.239685  1.092541 1.09244E-10
 hf  72   0.880383  0.170383  1.469177  1.322033 7.88038E-10
 ta  73  -0.080654  0.039346  1.338141  1.190996 8.73877E-11
  w  74   0.862140  0.212140  1.510934  1.363790 7.78271E-10
 re  75  -0.041484 -0.301484  0.997311  0.850167 9.84154E-11
 os  76   0.874392 -0.475608  0.823186  0.676042 8.28365E-10
 ir  77   0.335690 -0.984310  0.314485  0.167341 2.42121E-10
 pt  78   0.958717 -0.661283  0.637512  0.490368 1.03152E-09
 au  79   0.157849 -0.642151  0.656644  0.509500 1.64738E-10
 hg  80   1.357922  0.187922  1.486716  1.339572 2.65939E-09
 tl  81   1.158396  0.388396  1.687191  1.540046 1.71156E-09
 pb  82   3.195279  1.155279  2.454074  2.306930 1.88895E-07
 bi  83   1.442002  0.792002  2.090797  1.943653 3.36246E-09
 po  84   0.000000 -9.000000  0.000000  0.000000 0.00000E+00
#[ls/Fe]_Bisterzo =   1.1719, [hs/Fe]_Bisterzo =   1.3700
#[hs/ls]_Bisterzo =   0.1981, [Pb/hs]_Bisterzo =   1.0841
#[ls/Fe]_Thiswork =   1.1141, [hs/Fe]_Thiswork =   1.5321
#[hs/ls]_Thiswork =   0.4180, [Pb/hs]_Thiswork =   0.9220
# C/O =  1.1665E+01, c12/c13 = 1.07369E+03, n14/n15 = 3.78657E+03
# o16/o17 = 1.41351E+02, o16/o18 = 1.20830E+03
# mg24/mg25 =  6.5465E+00, mg24/mg26 =  5.7531E+00
# al26/al27 =  0.0000E+00, mg/al =  1.4938E-06
#
#  TP   Mass     Mcore    Menv    log L
# 13 1.321990 0.759946 0.562044 4.229520
# El  Z   log e(X)   [X/H]    [X/Fe]     [X/O]      X(i)
  p   1  12.000000  0.000000  0.000000  0.000000 5.84378E-01
 he   2  11.253505  0.323504  1.622299  1.475155 4.16029E-01
 li   3   1.637063 -1.622937 -0.324142 -0.471287 1.74469E-10
 be   4   0.000000 -1.300000  0.000000  0.000000 2.21251E-22
  b   5   0.000000 -2.790000  0.000000  0.000000 1.11270E-28
  c   6   8.728178  0.258178  1.556973  1.409828 3.72384E-03
  n   7   7.100667 -0.769333  0.529461  0.382317 1.02387E-04
  o   8   7.604503 -1.125497  0.173298  0.000000 3.73103E-04
  f   9   4.538009  0.118009  1.416803  1.243505 3.80145E-07
 ne  10   7.268253 -0.701746  0.597048  0.423750 2.16974E-04
 na  11   5.332984 -0.907015  0.391779  0.218482 2.86917E-06
 mg  12   6.395185 -1.244815  0.053979 -0.119318 3.50037E-05
 al  13   5.232976 -1.217024  0.081771 -0.091527 2.67475E-06
 si  14   6.264412 -1.285588  0.013207 -0.160091 2.99320E-05
  p  15   4.271258 -1.138741  0.160053 -0.013245 3.35343E-07
  s  16   5.864642 -1.285358  0.013437 -0.159861 1.36115E-05
 cl  17   3.949719 -1.280281  0.018514 -0.154784 1.83065E-07
 ar  18   5.142241 -1.297760  0.001035 -0.172263 3.21343E-06
  k  19   3.789058 -1.290942  0.007853 -0.165445 1.39459E-07
 ca  20   4.991409 -1.298591  0.000204 -0.173094 2.27797E-06
 sc  21   1.813628 -1.236372  0.062423 -0.110875 1.69687E-09
 ti  22   3.623217 -1.286783  0.012012 -0.161286 1.16543E-07
  v  23   2.661974 -1.298026  0.000769 -0.172529 1.35607E-08
 cr  24   4.323857 -1.316143 -0.017348 -0.190646 6.35419E-07
 mn  25   4.183733 -1.296268  0.002527 -0.170771 4.86226E-07
 fe  26   6.242227 -1.297773  0.000000 -0.172276 5.65515E-05
 co  27   3.675597 -1.194403  0.103371 -0.068906 1.61879E-07
 ni  28   4.910468 -1.289532  0.008242 -0.164035 2.76878E-06
 cu  29   3.059310 -1.190690  0.107083 -0.065193 4.22310E-08
 zn  30   3.373165 -1.256835  0.040938 -0.131338 8.95438E-08
 ga  31   1.971754 -1.108246  0.189528  0.017251 3.78760E-09
 ge  32   2.460697 -1.119303  0.178471  0.006194 1.21648E-08
 as  33   1.152449 -1.147551  0.150222 -0.022054 6.17008E-10
 se  34   2.351609 -0.988391  0.309383  0.137106 1.02861E-08
 br  35   1.547448 -0.992552  0.305222  0.132945 1.63399E-09
 kr  36   2.595932 -0.654068  0.643705  0.471429 1.91601E-08
 rb  37   1.874171 -0.645829  0.651945  0.479668 3.70858E-09
 sr  38   2.663401 -0.216599  1.081174  0.908897 2.34012E-08
  y  39   2.115075 -0.094925  1.202848  1.030572 6.71799E-09
 zr  40   2.534058  0.004058  1.301831  1.129555 1.80884E-08
 nb  41   1.345366 -0.064634  1.233139  1.060862 1.19301E-09
 mo  42   1.673244 -0.266756  1.031018  0.858741 2.62106E-09
 tc  43   0.000000 -9.000000  0.000000  0.000000 0.00000E+00
 ru  44   1.317832 -0.442168  0.855605  0.683329 1.21811E-09
 rh  45   0.316642 -0.743358  0.554415  0.382139 1.23685E-10
 pd  46   1.340778 -0.309222  0.988552  0.816275 1.35218E-09
 ag  47   0.589222 -0.610778  0.686995  0.514719 2.42855E-10
 cd  48   1.542963 -0.167037  1.130736  0.958460 2.27512E-09
 in  49   0.426669 -0.333331  0.964442  0.792166 1.77792E-10
 sn  50   2.014602 -0.055398  1.242375  1.070099 7.11742E-09
 sb  51   0.510911 -0.499089  0.798684  0.626408 2.28902E-10
 te  52   1.602482 -0.577518  0.720255  0.547979 2.96187E-09
  i  53   0.611386 -0.938614  0.359160  0.186883 3.00673E-10
 xe  54   1.749334 -0.490666  0.807108  0.634831 4.27375E-09
 cs  55   0.540812 -0.539189  0.758585  0.586308 2.67662E-10
 ba  56   2.472492  0.292492  1.590266  1.417989 2.36310E-08
 la  57   1.458997  0.288997  1.586770  1.414494 2.31713E-09
 ce  58   1.939068  0.359068  1.656841  1.484565 7.05974E-09
 pr  59   0.914065  0.154065  1.451839  1.279562 6.70246E-10
 nd  60   1.670394  0.220394  1.518167  1.345891 3.91483E-09
 pm  61   0.000000 -9.000000  0.000000  0.000000 0.00000E+00
 sm  62   0.878303 -0.061697  1.236076  1.063799 6.58671E-10
 eu  63  -0.133500 -0.643500  0.654273  0.481997 6.47849E-11
 gd  64   0.731855 -0.318145  0.979629  0.807352 4.91676E-10
 tb  65  -0.197887 -0.517887  0.779886  0.607609 5.84169E-11
 dy  66   0.879098 -0.250902  1.046871  0.874595 7.13156E-10
 ho  67  -0.123362 -0.593362  0.704412  0.532135 7.19733E-11
 er  68   0.701772 -0.218228  1.079545  0.907269 4.87971E-10
 tm  69  -0.237037 -0.357037  0.940737  0.768460 5.67432E-11
 yb  70   1.044401  0.124401  1.422174  1.249898 1.11117E-09
 lu  71   0.107292  0.017292  1.315066  1.142789 1.29862E-10
 hf  72   0.958043  0.248043  1.545816  1.373540 9.39486E-10
 ta  73  -0.004317  0.115683  1.413456  1.241180 1.03865E-10
  w  74   0.938314  0.288314  1.586088  1.413811 9.24672E-10
 re  75   0.029449 -0.230551  1.067222  0.894945 1.15526E-10
 os  76   0.941990 -0.408010  0.889763  0.717487 9.64944E-10
 ir  77   0.378278 -0.941722  0.356051  0.183775 2.66258E-10
 pt  78   1.022421 -0.597579  0.700194  0.527918 1.19087E-09
 au  79   0.221298 -0.578702  0.719072  0.546795 1.90075E-10
 hg  80   1.433306  0.263306  1.561079  1.388803 3.15390E-09
 tl  81   1.234755  0.464755  1.762528  1.590251 2.03438E-09
 pb  82   3.279093  1.239093  2.536866  2.364590 2.28410E-07
 bi  83   1.531260  0.881261  2.179034  2.006757 4.11717E-09
 po  84   0.000000 -9.000000  0.000000  0.000000 0.00000E+00
#[ls/Fe]_Bisterzo =   1.2523, [hs/Fe]_Bisterzo =   1.4470
#[hs/ls]_Bisterzo =   0.1947, [Pb/hs]_Bisterzo =   1.0899
#[ls/Fe]_Thiswork =   1.1953, [hs/Fe]_Thiswork =   1.6113
#[hs/ls]_Thiswork =   0.4160, [Pb/hs]_Thiswork =   0.9256
# C/O =  1.3294E+01, c12/c13 = 1.29080E+03, n14/n15 = 3.83385E+03
# o16/o17 = 1.50108E+02, o16/o18 = 1.27866E+03
# mg24/mg25 =  6.1092E+00, mg24/mg26 =  5.4203E+00
# al26/al27 =  0.0000E+00, mg/al =  1.5393E-06
#
# Final abundances
# El  Z   log e(X)   [X/H]    [X/Fe]     [X/O]      X(i)
  p   1  12.000000  0.000000  0.000000  0.000000 5.83948E-01
 he   2  11.254139  0.324139  1.621646  1.445244 4.16330E-01
 li   3   1.686024 -1.573976 -0.276469 -0.452871 1.95146E-10
 be   4   0.982227 -0.317773  0.979735  0.803333 5.01143E-11
  b   5   0.000000 -2.790000  0.000000  0.000000 4.28348E-28
  c   6   8.741392  0.271392  1.568900  1.392497 3.83605E-03
  n   7   7.114209 -0.755791  0.541717  0.365314 1.05552E-04
  o   8   7.608894 -1.121105  0.176403  0.000000 3.76618E-04
  f   9   4.559215  0.139215  1.436723  1.260320 3.98875E-07
 ne  10   7.281683 -0.688317  0.609191  0.432788 2.23624E-04
 na  11   5.340638 -0.899362  0.398146  0.221743 2.91803E-06
 mg  12   6.397952 -1.242048  0.055460 -0.120943 3.52015E-05
 al  13   5.237769 -1.212231  0.085277 -0.091125 2.70244E-06
 si  14   6.264966 -1.285035  0.012473 -0.163929 2.99481E-05
  p  15   4.275959 -1.134040  0.163467 -0.012935 3.38743E-07
  s  16   5.864987 -1.285013  0.012495 -0.163908 1.36123E-05
 cl  17   3.950487 -1.279513  0.017995 -0.158408 1.83254E-07
 ar  18   5.142506 -1.297494  0.000013 -0.176389 3.21303E-06
  k  19   3.789565 -1.290435  0.007073 -0.169330 1.39519E-07
 ca  20   4.991648 -1.298352 -0.000844 -0.177247 2.27755E-06
 sc  21   1.816007 -1.233993  0.063514 -0.112888 1.70494E-09
 ti  22   3.623825 -1.286175  0.011333 -0.165070 1.16620E-07
  v  23   2.662256 -1.297744 -0.000236 -0.176639 1.35596E-08
 cr  24   4.324151 -1.315849 -0.018341 -0.194744 6.35381E-07
 mn  25   4.184073 -1.295927  0.001581 -0.174821 4.86250E-07
 fe  26   6.242492 -1.297508  0.000000 -0.176403 5.65444E-05
 co  27   3.678783 -1.191216  0.106291 -0.070111 1.62950E-07
 ni  28   4.910966 -1.289034  0.008474 -0.167929 2.76991E-06
 cu  29   3.062364 -1.187636  0.109871 -0.066531 4.24977E-08
 zn  30   3.374928 -1.255072  0.042436 -0.133966 8.98420E-08
 ga  31   1.977923 -1.102077  0.195431  0.019029 3.83895E-09
 ge  32   2.467925 -1.112075  0.185433  0.009030 1.23599E-08
 as  33   1.158069 -1.141931  0.155576 -0.020826 6.24585E-10
 se  34   2.361900 -0.978100  0.319408  0.143006 1.05250E-08
 br  35   1.556848 -0.983152  0.314355  0.137953 1.66851E-09
 kr  36   2.609096 -0.640904  0.656603  0.480201 1.97353E-08
 rb  37   1.888385 -0.631615  0.665893  0.489490 3.82914E-09
 sr  38   2.677336 -0.202664  1.094843  0.918441 2.41464E-08
  y  39   2.128615 -0.081385  1.216123  1.039721 6.92563E-09
 zr  40   2.547072  0.017072  1.314580  1.138178 1.86249E-08
 nb  41   1.358113 -0.051887  1.245621  1.069219 1.22764E-09
 mo  42   1.684739 -0.255261  1.042247  0.865844 2.68938E-09
 tc  43   0.000000 -9.000000  0.000000  0.000000 0.00000E+00
 ru  44   1.329212 -0.430788  0.866720  0.690317 1.24953E-09
 rh  45   0.326075 -0.733925  0.563582  0.387180 1.26307E-10
 pd  46   1.352783 -0.297217  1.000291  0.823888 1.38906E-09
 ag  47   0.599599 -0.600401  0.697107  0.520704 2.48545E-10
 cd  48   1.555084 -0.154916  1.142592  0.966189 2.33779E-09
 in  49   0.438242 -0.321758  0.975750  0.799347 1.82459E-10
 sn  50   2.026960 -0.043040  1.254468  1.078066 7.31747E-09
 sb  51   0.522700 -0.487300  0.810208  0.633806 2.35027E-10
 te  52   1.614717 -0.565284  0.732224  0.555822 3.04425E-09
  i  53   0.618909 -0.931091  0.366417  0.190014 3.05702E-10
 xe  54   1.761016 -0.478984  0.818524  0.642121 4.38704E-09
 cs  55   0.552544 -0.527456  0.770051  0.593649 2.74789E-10
 ba  56   2.486265  0.306265  1.603773  1.427370 2.43744E-08
 la  57   1.473095  0.303095  1.600603  1.424200 2.39183E-09
 ce  58   1.953791  0.373791  1.671298  1.494896 7.29780E-09
 pr  59   0.929099  0.169099  1.466607  1.290204 6.93343E-10
 nd  60   1.684601  0.234601  1.532109  1.355706 4.04203E-09
 pm  61   0.000000 -9.000000  0.000000  0.000000 9.11041E-34
 sm  62   0.891585 -0.048415  1.249093  1.072690 6.78627E-10
 eu  63  -0.121088 -0.631088  0.666420  0.490017 6.66141E-11
 gd  64   0.745824 -0.304176  0.993332  0.816929 5.07374E-10
 tb  65  -0.185287 -0.505287  0.792220  0.615818 6.00922E-11
 dy  66   0.892499 -0.237501  1.060007  0.883604 7.34964E-10
 ho  67  -0.111410 -0.581410  0.716098  0.539695 7.39269E-11
 er  68   0.716910 -0.203090  1.094418  0.918016 5.04909E-10
 tm  69  -0.221785 -0.341785  0.955723  0.779321 5.87281E-11
 yb  70   1.058651  0.138651  1.436159  1.259756 1.14739E-09
 lu  71   0.121225  0.031225  1.328733  1.152331 1.33997E-10
 hf  72   0.972216  0.262216  1.559723  1.383321 9.69935E-10
 ta  73   0.009852  0.129852  1.427360  1.250958 1.07231E-10
  w  74   0.953755  0.303755  1.601263  1.424861 9.57433E-10
 re  75   0.048247 -0.211753  1.085755  0.909353 1.20547E-10
 os  76   0.954728 -0.395272  0.902236  0.725833 9.92934E-10
 ir  77   0.387633 -0.932367  0.365141  0.188738 2.71856E-10
 pt  78   1.033699 -0.586301  0.711207  0.534804 1.22129E-09
 au  79   0.233029 -0.566971  0.730537  0.554135 1.95135E-10
 hg  80   1.447487  0.277487  1.574995  1.398592 3.25619E-09
 tl  81   1.249216  0.479216  1.776724  1.600321 2.10172E-09
 pb  82   3.293075  1.253075  2.550582  2.374180 2.35710E-07
 bi  83   1.545545  0.895545  2.193052  2.016650 4.25170E-09
 po  84   0.000000 -9.000000  0.000000  0.000000 0.00000E+00
#[ls/Fe]_Bisterzo =   1.2654, [hs/Fe]_Bisterzo =   1.4606
#[hs/ls]_Bisterzo =   0.1952, [Pb/hs]_Bisterzo =   1.0900
#[ls/Fe]_Thiswork =   1.2085, [hs/Fe]_Thiswork =   1.6252
#[hs/ls]_Thiswork =   0.4167, [Pb/hs]_Thiswork =   0.9254
# C/O =  1.3567E+01, c12/c13 = 1.28304E+03, n14/n15 = 3.94296E+03
# o16/o17 = 1.51681E+02, o16/o18 = 1.29142E+03
# mg24/mg25 =  6.0320E+00, mg24/mg26 =  5.3579E+00
# al26/al27 =  0.0000E+00, mg/al =  1.5485E-06
