# Final abundances
# El  Z   log e(X)   [X/H]    [X/Fe]     [X/O]      X(i)
  p   1  12.000000  0.000000  0.000000  0.000000 6.85223E-01
 he   2  11.042148  0.112147  1.480714  0.985669 2.99851E-01
 li   3   0.764832 -2.495167 -1.126601 -1.621646 2.74553E-11
 be   4   0.000000 -1.300000  0.000000  0.000000 4.93990E-31
  b   5   0.000000 -2.790000  0.000000  0.000000 1.24586E-28
  c   6   9.340970  0.870970  2.239536  1.744491 1.79028E-02
  n   7   7.020249 -0.849751  0.518816  0.023770 9.97621E-05
  o   8   7.856478 -0.873521  0.495045  0.000000 7.81523E-04
  f   9   5.502919  1.082919  2.451485  1.956440 4.11148E-06
 ne  10   8.034562  0.064562  1.433129  0.938084 1.48544E-03
 na  11   5.943198 -0.296802  1.071765  0.576720 1.37122E-05
 mg  12   6.763707 -0.876293  0.492273 -0.002772 9.58900E-05
 al  13   5.400535 -1.049465  0.319101 -0.175944 4.61296E-06
 si  14   6.566128 -0.983872  0.384694 -0.110351 7.03054E-05
  p  15   4.091344 -1.318656  0.049911 -0.445135 2.59844E-07
  s  16   5.791981 -1.358019  0.010547 -0.484498 1.35015E-05
 cl  17   3.922912 -1.307088  0.061478 -0.433567 2.01807E-07
 ar  18   5.068809 -1.371191 -0.002625 -0.497670 3.18182E-06
  k  19   3.739367 -1.340633  0.027933 -0.467112 1.45845E-07
 ca  20   4.915077 -1.374923 -0.006356 -0.501401 2.24055E-06
 sc  21   1.872254 -1.177746  0.190821 -0.304224 2.27726E-09
 ti  22   3.546096 -1.363904  0.004663 -0.490383 1.14420E-07
  v  23   2.567356 -1.392644 -0.024077 -0.519123 1.27880E-08
 cr  24   4.253583 -1.386416 -0.017850 -0.512895 6.33759E-07
 mn  25   4.127516 -1.352484  0.016083 -0.478962 5.00911E-07
 fe  26   6.171433 -1.368567  0.000000 -0.495045 5.63364E-05
 co  27   3.925099 -0.944901  0.423666 -0.071379 3.37155E-07
 ni  28   4.860841 -1.339159  0.029408 -0.465638 2.89600E-06
 cu  29   3.154327 -1.095673  0.272894 -0.222151 6.16293E-08
 zn  30   3.288734 -1.341266  0.027301 -0.467744 8.64456E-08
 ga  31   1.845359 -1.234641  0.133925 -0.361120 3.31976E-09
 ge  32   2.272060 -1.307940  0.060627 -0.434418 9.23862E-09
 as  33   0.958328 -1.341672  0.026895 -0.468150 4.62710E-10
 se  34   1.997264 -1.342736  0.025831 -0.469215 5.33387E-09
 br  35   1.213669 -1.326331  0.042235 -0.452810 8.88400E-10
 kr  36   1.924636 -1.325364  0.043202 -0.451843 4.78896E-09
 rb  37   1.222160 -1.297840  0.070727 -0.424318 9.69025E-10
 sr  38   1.550029 -1.329971  0.038595 -0.456450 2.11350E-09
  y  39   0.865830 -1.344170  0.024397 -0.470648 4.43744E-10
 zr  40   1.178511 -1.351489  0.017077 -0.477968 9.35385E-10
 nb  41   0.048779 -1.361220  0.007346 -0.487699 7.06634E-11
 mo  42   0.448050 -1.491950 -0.123383 -0.618428 1.82987E-10
 tc  43   0.000000 -9.000000  0.000000  0.000000 0.00000E+00
 ru  44   0.248754 -1.511246 -0.142680 -0.637725 1.21828E-10
 rh  45  -0.338708 -1.398708 -0.030141 -0.525187 3.20704E-11
 pd  46   0.217333 -1.432667 -0.064101 -0.559146 1.19324E-10
 ag  47  -0.193722 -1.393722 -0.025155 -0.520200 4.69399E-11
 cd  48   0.311294 -1.398706 -0.030140 -0.525185 1.56485E-10
 in  49  -0.635222 -1.395222 -0.026656 -0.521701 1.80784E-11
 sn  50   0.659175 -1.410825 -0.042259 -0.537304 3.68157E-10
 sb  51  -0.610909 -1.620908 -0.252342 -0.747387 2.02753E-11
 te  52   0.345557 -1.834443 -0.465876 -0.960922 1.92212E-10
  i  53   0.146716 -1.403284 -0.034717 -0.529763 1.20938E-10
 xe  54   0.827672 -1.412328 -0.043761 -0.538807 6.00184E-10
 cs  55  -0.302986 -1.382986 -0.014420 -0.509465 4.49704E-11
 ba  56   0.849942 -1.330058  0.038509 -0.456537 6.60799E-10
 la  57  -0.187055 -1.357055  0.011512 -0.483533 6.13814E-11
 ce  58   0.220347 -1.359653  0.008914 -0.486131 1.58200E-10
 pr  59  -0.616035 -1.376034 -0.007468 -0.502513 2.31885E-11
 nd  60   0.054530 -1.395470 -0.026903 -0.521949 1.11170E-10
 pm  61   0.000000 -9.000000  0.000000  0.000000 0.00000E+00
 sm  62  -0.567669 -1.507669 -0.139102 -0.634148 2.76589E-11
 eu  63  -0.892214 -1.402214 -0.033647 -0.528692 1.32403E-11
 gd  64  -0.446026 -1.496026 -0.127459 -0.622504 3.82768E-11
 tb  65  -1.078769 -1.398769 -0.030202 -0.525247 9.01145E-12
 dy  66  -0.258965 -1.388965 -0.020399 -0.515444 6.08498E-11
 ho  67  -0.929198 -1.399198 -0.030632 -0.525677 1.31969E-11
 er  68  -0.469124 -1.389124 -0.020557 -0.515603 3.86044E-11
 tm  69  -1.270663 -1.390663 -0.022097 -0.517142 6.15779E-12
 yb  70  -0.480782 -1.400782 -0.032215 -0.527260 3.88809E-11
 lu  71  -1.270840 -1.360840  0.007727 -0.487318 6.37511E-12
 hf  72  -0.615378 -1.325378  0.043188 -0.451857 2.94176E-11
 ta  73  -1.465218 -1.345218  0.023349 -0.471696 4.21412E-12
  w  74  -0.672855 -1.322855  0.045711 -0.449334 2.65433E-11
 re  75  -1.124385 -1.384385 -0.015818 -0.510864 9.50566E-12
 os  76  -0.041414 -1.391414 -0.022848 -0.517893 1.17554E-10
 ir  77  -0.084194 -1.404194 -0.035628 -0.530673 1.07639E-10
 pt  78   0.195146 -1.424854 -0.056288 -0.551333 2.07838E-10
 au  79  -0.591094 -1.391094 -0.022527 -0.517573 3.43297E-11
 hg  80  -0.126899 -1.296899  0.071668 -0.423377 1.01808E-10
 tl  81  -0.475051 -1.245051  0.123516 -0.371530 4.65334E-11
 pb  82   0.688250 -1.351750  0.016816 -0.478229 6.87085E-10
 bi  83  -0.711967 -1.361967  0.006599 -0.488446 2.75745E-11
 po  84   0.000000 -9.000000  0.000000  0.000000 0.00000E+00
#[ls/Fe]_Thiswork =   0.0267, [hs/Fe]_Thiswork =   0.0196
#[hs/ls]_Thiswork =  -0.0070, [Pb/hs]_Thiswork =  -0.0028
# C/O =  3.0513E+01, c12/c13 = 5.62781E+03, n14/n15 = 3.50384E+03
# o16/o17 = 3.07411E+02, o16/o18 = 2.66645E+03
# mg24/mg25 =  2.9302E+00, mg24/mg26 =  6.1710E+00
# si28/si29 =  4.1990E+01, si28/si30 =  6.1778E+01
# cl36/cl35 =  0.0000E+00, cl37/cl35 =  5.5054E-01
