# Final abundances
# El  Z   log e(X)   [X/H]    [X/Fe]     [X/O]      X(i)
  p   1  12.000000  0.000000  0.000000  0.000000 6.97036E-01
 he   2  11.025504  0.095504  1.473340  0.872183 2.93552E-01
 li   3   2.088341 -1.171659  0.206177 -0.394980 5.88244E-10
 be   4   0.000000 -1.300000  0.000000  0.000000 0.00000E+00
  b   5   0.000000 -2.790000  0.000000  0.000000 1.94374E-27
  c   6   9.184455  0.714455  2.092290  1.491134 1.27007E-02
  n   7   7.065445 -0.804555  0.573281 -0.027875 1.12612E-04
  o   8   7.953320 -0.776680  0.601156  0.000000 9.93591E-04
  f   9   5.240378  0.820378  2.198214  1.597058 2.28497E-06
 ne  10   7.895111 -0.074889  1.302947  0.701791 1.09604E-03
 na  11   5.882470 -0.357530  1.020306  0.419150 1.21284E-05
 mg  12   6.700057 -0.939943  0.437893 -0.163263 8.42456E-05
 al  13   5.179131 -1.270869  0.106966 -0.494190 2.81838E-06
 si  14   6.556351 -0.993649  0.384186 -0.216970 6.99255E-05
  p  15   4.291897 -1.118103  0.259733 -0.341423 4.19459E-07
  s  16   5.786366 -1.363634  0.014202 -0.586955 1.35579E-05
 cl  17   3.903331 -1.326669  0.051167 -0.549990 1.96236E-07
 ar  18   5.062270 -1.377730  0.000105 -0.601051 3.18830E-06
  k  19   3.727192 -1.352808  0.025028 -0.576128 1.44258E-07
 ca  20   4.910290 -1.379710 -0.001874 -0.603030 2.25419E-06
 sc  21   1.821179 -1.228821  0.149015 -0.452141 2.05950E-09
 ti  22   3.568416 -1.341584  0.036252 -0.564905 1.22531E-07
  v  23   2.580186 -1.379814 -0.001978 -0.603135 1.33985E-08
 cr  24   4.245481 -1.394519 -0.016684 -0.617840 6.32769E-07
 mn  25   4.121366 -1.358634  0.019201 -0.581955 5.02381E-07
 fe  26   6.162164 -1.377836  0.000000 -0.601156 5.60975E-05
 co  27   3.679188 -1.190812  0.187024 -0.414133 1.94689E-07
 ni  28   4.846354 -1.353646  0.024189 -0.576967 2.84928E-06
 cu  29   3.176731 -1.073269  0.304567 -0.296589 6.60106E-08
 zn  30   3.433138 -1.196862  0.180974 -0.420183 1.22622E-07
 ga  31   2.270217 -0.809783  0.568053 -0.033103 8.98230E-09
 ge  32   2.767538 -0.812462  0.565374 -0.035782 2.94109E-08
 as  33   1.364967 -0.935033  0.442803 -0.158353 1.20053E-09
 se  34   2.688120 -0.651880  0.725956  0.124799 2.66270E-08
 br  35   1.852646 -0.687354  0.690482  0.089325 3.93559E-09
 kr  36   2.790311 -0.459689  0.918147  0.316990 3.57552E-08
 rb  37   1.998384 -0.521616  0.856219  0.255063 5.88819E-09
 sr  38   3.067521  0.187521  1.565357  0.964200 7.07814E-08
  y  39   2.457689  0.247689  1.625525  1.024369 1.76366E-08
 zr  40   2.870581  0.340581  1.718416  1.117260 4.68258E-08
 nb  41   1.651883  0.241883  1.619719  1.018563 2.88218E-09
 mo  42   2.043679  0.103679  1.481515  0.880359 7.33624E-09
 tc  43   0.000000 -9.000000  0.000000  0.000000 0.00000E+00
 ru  44   1.781107  0.021107  1.398943  0.797786 4.22205E-09
 rh  45   0.718604 -0.341396  1.036440  0.435284 3.72254E-10
 pd  46   1.787388  0.137388  1.515224  0.914067 4.51031E-09
 ag  47   0.989263 -0.210737  1.167098  0.565942 7.27697E-10
 cd  48   1.973018  0.263018  1.640853  1.039697 7.30502E-09
 in  49   0.837743  0.077743  1.455579  0.854422 5.46446E-10
 sn  50   2.415327  0.345327  1.723163  1.122007 2.13604E-08
 sb  51   0.890442 -0.119558  1.258278  0.657121 6.54246E-10
 te  52   2.002108 -0.177892  1.199943  0.598787 8.86651E-09
  i  53   0.880577 -0.669423  0.708413  0.107257 6.66572E-10
 xe  54   2.123080 -0.116920  1.260916  0.659760 1.20536E-08
 cs  55   0.926305 -0.153695  1.224141  0.622984 7.75606E-10
 ba  56   2.908926  0.728926  2.106762  1.505605 7.69976E-08
 la  57   1.894256  0.724256  2.102091  1.500935 7.52958E-09
 ce  58   2.374475  0.794475  2.172311  1.571155 2.29487E-08
 pr  59   1.336438  0.576438  1.954274  1.353118 2.11431E-09
 nd  60   2.121707  0.671707  2.049543  1.448386 1.32004E-08
 pm  61   0.000000 -9.000000  0.000000  0.000000 0.00000E+00
 sm  62   1.313593  0.373593  1.751429  1.150272 2.14052E-09
 eu  63   0.237267 -0.272732  1.105103  0.503947 1.81469E-10
 gd  64   1.152367  0.102367  1.480202  0.879046 1.54437E-09
 tb  65   0.188079 -0.131921  1.245915  0.644758 1.69459E-10
 dy  66   1.298677  0.168677  1.546513  0.945357 2.23525E-09
 ho  67   0.264727 -0.205273  1.172562  0.571406 2.09807E-10
 er  68   1.134319  0.214319  1.592155  0.990999 1.57581E-09
 tm  69   0.179730  0.059730  1.437566  0.836410 1.76702E-10
 yb  70   1.457289  0.537289  1.915124  1.313968 3.42950E-09
 lu  71   0.493294  0.403294  1.781129  1.179973 3.76742E-10
 hf  72   1.393635  0.683635  2.061471  1.460314 3.05523E-09
 ta  73   0.443208  0.563208  1.941043  1.339887 3.47181E-10
  w  74   1.406114  0.756114  2.133949  1.532793 3.23853E-09
 re  75   0.471786  0.211787  1.589622  0.988466 3.81573E-10
 os  76   1.337221 -0.012779  1.365057  0.763901 2.85953E-09
 ir  77   0.603411 -0.716589  0.661246  0.060090 5.33331E-10
 pt  78   1.356982 -0.263018  1.114818  0.513662 3.06892E-09
 au  79   0.565416 -0.234584  1.143252  0.542096 5.00731E-10
 hg  80   1.858193  0.688193  2.066029  1.464873 1.00069E-08
 tl  81   1.575533  0.805533  2.183369  1.582212 5.31830E-09
 pb  82   3.614756  1.574756  2.952591  2.351435 5.90120E-07
 bi  83   1.715922  1.065922  2.443758  1.842602 7.51315E-09
 po  84   0.000000 -9.000000  0.000000  0.000000 0.00000E+00
#[ls/Fe]_Thiswork =   1.6364, [hs/Fe]_Thiswork =   2.1271
#[hs/ls]_Thiswork =   0.4906, [Pb/hs]_Thiswork =   0.8255
# C/O =  1.7027E+01, c12/c13 = 3.90748E+03, n14/n15 = 1.21819E+03
# o16/o17 = 1.78118E+02, o16/o18 = 3.03022E+03
# mg24/mg25 =  1.0683E+01, mg24/mg26 =  1.2399E+01
# si28/si29 =  4.6162E+01, si28/si30 =  6.7870E+01
# cl36/cl35 =  0.0000E+00, cl37/cl35 =  4.9709E-01
