Isotope      A            Z            YIELD [M<sub><font face='Wingdings'>&#164;</font></sub>]Isotope      A            Z            YIELD [M<sub><font face='Wingdings'>&#164;</font></sub>]Isotope      A            Z            YIELD [M<sub><font face='Wingdings'>&#164;</font></sub>]
H            1            1            8.68370E-01  
He4          4            2            4.07860E-01  
C12          12           6            2.24960E-02  
C13          13           6            6.22410E-06  
C14          14           6            3.83030E-09  
N14          14           7            2.21230E-04  
N15          15           7            1.07900E-07  
O16          16           8            1.02030E-03  
O17          17           8            7.32130E-06  
O18          18           8            7.85460E-07  
F18          18           9            0.00000E+00  
F19          19           9            4.00680E-06  
Ne20         20           10           1.29080E-04  
Ne21         21           10           1.25670E-06  
Ne22         22           10           2.69660E-03  
Na22         22           11           0.00000E+00  
Na23         23           11           3.58140E-05  
Na24         24           11           0.00000E+00  
Mg24         24           12           1.23780E-04  
Mg25         25           12           5.02860E-05  
Mg26         26           12           3.89730E-05  
Al26         26           13           5.40420E-08  
Al27         27           13           7.59040E-06  
Si28         28           14           6.58760E-05  
Si29         29           14           3.64810E-06  
Si30         30           14           2.95290E-06  
Si31         31           14           0.00000E+00  
Si32         32           14           0.00000E+00  
P31          31           15           8.53960E-07  
P32          32           15           0.00000E+00  
P33          33           15           0.00000E+00  
S32          32           16           3.39600E-05  
S33          33           16           3.20460E-07  
S34          34           16           1.87540E-06  
S35          35           16           0.00000E+00  
S36          36           16           2.25400E-08  
Cl35         35           17           3.42870E-07  
Cl36         36           17           4.33610E-10  
Cl37         37           17           1.60060E-07  
Ar36         36           18           7.62810E-06  
Ar37         37           18           0.00000E+00  
Ar38         38           18           1.60570E-06  
Ar39         39           18           7.74120E-12  
Ar40         40           18           1.53570E-08  
Ar41         41           18           0.00000E+00  
Ar42         42           18           0.00000E+00  
K39          39           19           3.41870E-07  
K40          40           19           3.95070E-09  
K41          41           19           3.97980E-08  
K42          42           19           0.00000E+00  
K43          43           19           0.00000E+00  
Ca40         40           20           5.75730E-06  
Ca41         41           20           8.57780E-10  
Ca42         42           20           5.41500E-08  
Ca43         43           20           1.18900E-08  
Ca44         44           20           1.45410E-07  
Ca45         45           20           0.00000E+00  
Ca46         46           20           2.14900E-09  
Ca47         47           20           0.00000E+00  
Ca48         48           20           1.36470E-08  
Sc45         45           21           6.84410E-09  
Sc46         46           21           0.00000E+00  
Sc47         47           21           0.00000E+00  
Sc48         48           21           0.00000E+00  
Sc49         49           21           0.00000E+00  
Ti46         46           22           2.39610E-08  
Ti47         47           22           2.08660E-08  
Ti48         48           22           2.03330E-07  
Ti49         49           22           2.47570E-08  
Ti50         50           22           3.87430E-08  
V50          50           23           8.42400E-11  
V51          51           23           3.68060E-08  
Cr50         50           24           6.69850E-08  
Cr51         51           24           0.00000E+00  
Cr52         52           24           1.42070E-06  
Cr53         53           24           1.65900E-07  
Cr54         54           24           8.07490E-08  
Mn55         55           25           1.27620E-06  
Mn56         56           25           0.00000E+00  
Fe54         54           26           6.51710E-06  
Fe55         55           26           3.97100E-13  
Fe56         56           26           1.09620E-04  
Fe57         57           26           3.79810E-06  
Fe58         58           26           2.34160E-06  
Fe59         59           26           0.00000E+00  
Fe60         60           26           1.26980E-07  
Co59         59           27           7.90190E-07  
Co60         60           27           4.45800E-13  
Ni58         58           28           4.45400E-06  
Ni59         59           28           4.76990E-09  
Ni60         60           28           2.11440E-06  
Ni61         61           28           2.09810E-07  
Ni62         62           28           4.71630E-07  
Ni63         63           28           6.70540E-12  
Ni64         64           28           2.28640E-07  
Ni65         65           28           0.00000E+00  
Ni66         66           28           0.00000E+00  
Cu63         63           29           1.81370E-07  
Cu64         64           29           0.00000E+00  
Cu65         65           29           6.32880E-08  
Cu66         66           29           0.00000E+00  
Cu67         67           29           0.00000E+00  
Zn64         64           30           1.04870E-07  
Zn65         65           30           0.00000E+00  
Zn66         66           30           9.44820E-08  
Zn67         67           30           1.67650E-08  
Zn68         68           30           7.77720E-08  
Zn69         69           30           0.00000E+00  
Zn70         70           30           1.57450E-09  
Ga69         69           31           9.00870E-09  
Ga70         70           31           0.00000E+00  
Ga71         71           31           6.24970E-09  
Ga72         72           31           0.00000E+00  
Ga73         73           31           0.00000E+00  
Ge70         70           32           1.19600E-08  
Ge71         71           32           0.00000E+00  
Ge72         72           32           1.33040E-08  
Ge73         73           32           3.84520E-09  
Ge74         74           32           1.73350E-08  
Ge75         75           32           0.00000E+00  
Ge76         76           32           1.86910E-09  
Ge77         77           32           0.00000E+00  
As75         75           33           1.95780E-09  
As76         76           33           0.00000E+00  
As77         77           33           0.00000E+00  
Se76         76           34           4.25560E-09  
Se77         77           34           2.16540E-09  
Se78         78           34           7.36430E-09  
Se79         79           34           7.34480E-10  
Se80         80           34           1.53520E-08  
Se81         81           34           0.00000E+00  
Se82         82           34           1.29040E-09  
Br79         79           35           2.05100E-09  
Br80         80           35           0.00000E+00  
Br81         81           35           2.31090E-09  
Br82         82           35           0.00000E+00  
Br83         83           35           0.00000E+00  
Br84         84           35           0.00000E+00  
Kr80         80           36           3.53300E-10  
Kr81         81           36           7.03100E-12  
Kr82         82           36           5.24080E-09  
Kr83         83           36           2.69480E-09  
Kr84         84           36           1.70580E-08  
Kr85         85           36           0.00000E+00  
Kr86         86           36           1.03760E-08  
Kr87         87           36           0.00000E+00  
Kr88         88           36           0.00000E+00  
Rb85         85           37           4.22420E-09  
Rb86         86           37           0.00000E+00  
Rb87         87           37           5.11310E-09  
Rb88         88           37           0.00000E+00  
Sr86         86           38           2.78530E-09  
Sr87         87           38           1.77080E-09  
Sr88         88           38           6.07300E-08  
Sr89         89           38           0.00000E+00  
Sr90         90           38           0.00000E+00  
Sr91         91           38           0.00000E+00  
Sr92         92           38           0.00000E+00  
Y89          89           39           1.64940E-08  
Y90          90           39           0.00000E+00  
Y91          91           39           0.00000E+00  
Y92          92           39           0.00000E+00  
Y93          93           39           0.00000E+00  
Zr90         90           40           1.47030E-08  
Zr91         91           40           5.08770E-09  
Zr92         92           40           8.87580E-09  
Zr93         93           40           2.20760E-09  
Zr94         94           40           1.08190E-08  
Zr95         95           40           0.00000E+00  
Zr96         96           40           4.59910E-09  
Zr97         97           40           0.00000E+00  
Nb93         93           41           7.74190E-10  
Nb94         94           41           0.00000E+00  
Nb95         95           41           0.00000E+00  
Nb96         96           41           0.00000E+00  
Nb97         97           41           0.00000E+00  
Mo92         92           42           8.94740E-11  
Mo93         93           42           0.00000E+00  
Mo94         94           42           6.52530E-11  
Mo95         95           42           1.42890E-09  
Mo96         96           42           1.98690E-09  
Mo97         97           42           7.55950E-10  
Mo98         98           42           2.24370E-09  
Mo99         99           42           0.00000E+00  
Mo00         100          42           3.69780E-10  
Tc97         97           43           0.00000E+00  
Tc98         98           43           0.00000E+00  
Tc99         99           43           7.91610E-11  
Ru96         96           44           2.23350E-11  
Ru97         97           44           0.00000E+00  
Ru98         98           44           7.73930E-12  
Ru99         99           44           2.61410E-10  
Ru00         100          44           1.00660E-09  
Ru01         101          44           3.09900E-10  
Ru02         102          44           1.37580E-09  
Ru03         103          44           0.00000E+00  
Ru04         104          44           3.46740E-10  
Ru05         105          44           0.00000E+00  
Ru06         106          44           0.00000E+00  
Rh03         103          45           3.54850E-10  
Rh05         105          45           0.00000E+00  
Pd04         104          46           8.01210E-10  
Pd05         105          46           3.12610E-10  
Pd06         106          46           1.17300E-09  
Pd07         107          46           1.98660E-10  
Pd08         108          46           1.43780E-09  
Pd09         109          46           0.00000E+00  
Pd10         110          46           3.44610E-10  
Ag07         107          47           7.59540E-11  
Ag09         109          47           4.01450E-10  
Ag11         111          47           0.00000E+00  
Cd08         108          48           3.84300E-12  
Cd09         109          48           0.00000E+00  
Cd10         110          48           1.05750E-09  
Cd11         111          48           4.44030E-10  
Cd12         112          48           1.58820E-09  
Cd13         113          48           4.85190E-10  
Cd14         114          48           2.32970E-09  
Cd15         115          48           0.00000E+00  
Cd16         116          48           8.73720E-10  
In13         113          49           2.03260E-12  
In15         115          49           5.02780E-10  
Sn14         114          50           6.46010E-12  
Sn15         115          50           3.35550E-12  
Sn16         116          50           2.86220E-09  
Sn17         117          50           1.06900E-09  
Sn18         118          50           5.15600E-09  
Sn19         119          50           1.53980E-09  
Sn20         120          50           8.79370E-09  
Sn21         121          50           0.00000E+00  
Sn22         122          50           2.25050E-09  
Sn23         123          50           0.00000E+00  
Sn24         124          50           2.16520E-10  
Sb21         121          51           7.20580E-10  
Sb22         122          51           0.00000E+00  
Sb23         123          51           3.80510E-10  
Sb24         124          51           0.00000E+00  
Sb25         125          51           0.00000E+00  
Te22         122          52           9.62440E-10  
Te23         123          52           3.15270E-10  
Te24         124          52           2.08240E-09  
Te25         125          52           7.60050E-10  
Te26         126          52           3.78560E-09  
Te27         127          52           0.00000E+00  
Te28         128          52           1.19980E-09  
Te30         130          52           5.09030E-10  
I127         127          53           7.70000E-10  
I128         128          53           0.00000E+00  
I129         129          53           2.02790E-11  
I130         130          53           0.00000E+00  
I131         131          53           0.00000E+00  
I132         132          53           0.00000E+00  
I133         133          53           0.00000E+00  
Xe28         128          54           1.12490E-09  
Xe29         129          54           9.16760E-10  
Xe30         130          54           2.45140E-09  
Xe31         131          54           1.04160E-09  
Xe32         132          54           5.60760E-09  
Xe33         133          54           0.00000E+00  
Xe34         134          54           2.50060E-09  
Xe35         135          54           0.00000E+00  
Xe36         136          54           2.18540E-10  
Cs33         133          55           8.79130E-10  
Cs34         134          55           0.00000E+00  
Cs35         135          55           8.42430E-10  
Cs36         136          55           0.00000E+00  
Cs37         137          55           0.00000E+00  
Ba34         134          56           1.43790E-09  
Ba35         135          56           5.97590E-10  
Ba36         136          56           4.93760E-09  
Ba37         137          56           6.12630E-09  
Ba38         138          56           8.65520E-08  
Ba39         139          56           0.00000E+00  
Ba40         140          56           0.00000E+00  
La39         139          57           1.09950E-08  
La40         140          57           0.00000E+00  
Ce40         140          58           3.47580E-08  
Ce41         141          58           0.00000E+00  
Ce42         142          58           4.53880E-09  
Ce43         143          58           0.00000E+00  
Ce44         144          58           0.00000E+00  
Pr41         141          59           4.32220E-09  
Pr42         142          59           0.00000E+00  
Pr43         143          59           0.00000E+00  
Pr45         145          59           0.00000E+00  
Nd42         142          60           7.34780E-09  
Nd43         143          60           1.69320E-09  
Nd44         144          60           5.60470E-09  
Nd45         145          60           1.05300E-09  
Nd46         146          60           5.00730E-09  
Nd47         147          60           0.00000E+00  
Nd48         148          60           1.25040E-09  
Nd49         149          60           0.00000E+00  
Nd50         150          60           1.15820E-10  
Pm45         145          61           0.00000E+00  
Pm46         146          61           0.00000E+00  
Pm47         147          61           0.00000E+00  
Pm48         148          61           0.00000E+00  
Pm49         149          61           0.00000E+00  
Pm50         150          61           0.00000E+00  
Pm51         151          61           0.00000E+00  
Sm44         144          62           2.64000E-12  
Sm45         145          62           0.00000E+00  
Sm46         146          62           0.00000E+00  
Sm47         147          62           5.98490E-10  
Sm48         148          62           1.11860E-09  
Sm49         149          62           2.75270E-10  
Sm50         150          62           1.11180E-09  
Sm51         151          62           0.00000E+00  
Sm52         152          62           1.01030E-09  
Sm53         153          62           0.00000E+00  
Sm54         154          62           6.17460E-10  
Eu51         151          63           1.76060E-10  
Eu52         152          63           0.00000E+00  
Eu53         153          63           2.03140E-10  
Eu54         154          63           0.00000E+00  
Eu55         155          63           0.00000E+00  
Eu56         156          63           0.00000E+00  
Eu57         157          63           0.00000E+00  
Gd52         152          64           1.18460E-11  
Gd53         153          64           0.00000E+00  
Gd54         154          64           2.68000E-10  
Gd55         155          64           2.99340E-10  
Gd56         156          64           8.84700E-10  
Gd57         157          64           4.13740E-10  
Gd58         158          64           1.54640E-09  
Gd59         159          64           0.00000E+00  
Gd60         160          64           5.10930E-10  
Tb59         159          65           3.64470E-10  
Tb60         160          65           0.00000E+00  
Tb61         161          65           0.00000E+00  
Dy60         160          66           4.74640E-10  
Dy61         161          66           2.95080E-10  
Dy62         162          66           1.13530E-09  
Dy63         163          66           3.81500E-10  
Dy64         164          66           1.73350E-09  
Dy65         165          66           0.00000E+00  
Dy66         166          66           0.00000E+00  
Ho63         163          67           1.04790E-12  
Ho64         164          67           0.00000E+00  
Ho65         165          67           4.72730E-10  
Ho66         166          67           0.00000E+00  
Er64         164          68           1.92910E-10  
Er65         165          68           0.00000E+00  
Er66         166          68           6.53540E-10  
Er67         167          68           3.18160E-10  
Er68         168          68           1.22630E-09  
Er69         169          68           0.00000E+00  
Er70         170          68           7.93680E-10  
Er71         171          68           0.00000E+00  
Er72         172          68           0.00000E+00  
Tm69         169          69           3.41030E-10  
Tm70         170          69           0.00000E+00  
Tm71         171          69           0.00000E+00  
Tm72         172          69           0.00000E+00  
Tm73         173          69           0.00000E+00  
Yb70         170          70           3.64520E-10  
Yb71         171          70           5.98990E-10  
Yb72         172          70           1.40830E-09  
Yb73         173          70           6.65400E-10  
Yb74         174          70           3.10780E-09  
Yb75         175          70           0.00000E+00  
Yb76         176          70           1.05460E-09  
Yb77         177          70           0.00000E+00  
Lu75         175          71           4.50130E-10  
Lu76         176          71           7.67630E-11  
Lu77         177          71           0.00000E+00  
Hf76         176          72           5.34040E-10  
Hf77         177          72           4.16870E-10  
Hf78         178          72           1.82040E-09  
Hf79         179          72           6.22600E-10  
Hf80         180          72           3.23150E-09  
Hf81         181          72           0.00000E+00  
Hf82         182          72           7.12300E-10  
Hf83         183          72           0.00000E+00  
Hf84         184          72           0.00000E+00  
Ta79         179          73           0.00000E+00  
Ta80         180          73           1.31950E-13  
Ta81         181          73           6.97800E-10  
Ta82         182          73           0.00000E+00  
Ta83         183          73           0.00000E+00  
Ta84         184          73           0.00000E+00  
W180         180          74           0.00000E+00  
W181         181          74           0.00000E+00  
W182         182          74           1.07590E-09  
W183         183          74           8.68170E-10  
W184         184          74           2.20520E-09  
W185         185          74           0.00000E+00  
W186         186          74           1.71250E-09  
W187         187          74           0.00000E+00  
W188         188          74           0.00000E+00  
Re85         185          75           4.42420E-10  
Re86         186          75           0.00000E+00  
Re87         187          75           3.58410E-10  
Re88         188          75           0.00000E+00  
Re89         189          75           0.00000E+00  
Os86         186          76           6.68400E-10  
Os87         187          76           1.81740E-10  
Os88         188          76           1.49170E-09  
Os89         189          76           4.58330E-10  
Os90         190          76           2.10140E-09  
Os91         191          76           0.00000E+00  
Os92         192          76           7.67530E-10  
Os93         193          76           0.00000E+00  
Os94         194          76           0.00000E+00  
Ir91         191          77           5.47420E-10  
Ir92         192          77           0.00000E+00  
Ir93         193          77           7.46000E-10  
Ir94         194          77           0.00000E+00  
Ir95         195          77           0.00000E+00  
Pt92         192          78           5.34610E-10  
Pt93         193          78           0.00000E+00  
Pt94         194          78           2.89680E-09  
Pt95         195          78           1.15450E-09  
Pt96         196          78           3.41070E-09  
Pt97         197          78           0.00000E+00  
Pt98         198          78           8.08990E-10  
Au97         197          79           9.83180E-10  
Au98         198          79           0.00000E+00  
Au99         199          79           0.00000E+00  
Hg98         198          80           2.32900E-09  
Hg99         199          80           1.28680E-09  
Hg00         200          80           4.46680E-09  
Hg01         201          80           1.98230E-09  
Hg02         202          80           7.67050E-09  
Hg03         203          80           0.00000E+00  
Hg04         204          80           8.06190E-10  
Tl03         203          81           4.17740E-09  
Tl04         204          81           0.00000E+00  
Tl05         205          81           8.80830E-09  
Pb04         204          82           4.30770E-09  
Pb05         205          82           3.94590E-10  
Pb06         206          82           5.03580E-08  
Pb07         207          82           8.77440E-08  
Pb08         208          82           8.48780E-07  
Pb09         209          82           0.00000E+00  
Pb10         210          82           0.00000E+00  
Bi09         209          83           1.64000E-08  
Bi10         210          83           0.00000E+00  
Po10         210          84           0.00000E+00  
