Isotope      A            Z            YIELD [M<sub><font face='Wingdings'>&#164;</font></sub>]Isotope      A            Z            YIELD [M<sub><font face='Wingdings'>&#164;</font></sub>]
H            1            1            5.60130E-01  
He4          4            2            2.50030E-01  
C12          12           6            1.12180E-02  
C13          13           6            4.49500E-06  
C14          14           6            1.01860E-09  
N14          14           7            1.41870E-04  
N15          15           7            9.71300E-08  
O16          16           8            6.53580E-04  
O17          17           8            1.84920E-06  
O18          18           8            5.50620E-07  
F18          18           9            0.00000E+00  
F19          19           9            1.73690E-06  
Ne20         20           10           7.02070E-05  
Ne21         21           10           4.05670E-07  
Ne22         22           10           1.05890E-03  
Na22         22           11           0.00000E+00  
Na23         23           11           1.54460E-05  
Na24         24           11           0.00000E+00  
Mg24         24           12           5.38010E-05  
Mg25         25           12           1.11600E-05  
Mg26         26           12           1.14340E-05  
Al26         26           13           2.57230E-08  
Al27         27           13           4.03170E-06  
Si28         28           14           4.14930E-05  
Si29         29           14           2.22580E-06  
Si30         30           14           1.65120E-06  
Si31         31           14           0.00000E+00  
Si32         32           14           0.00000E+00  
P31          31           15           4.86320E-07  
P32          32           15           0.00000E+00  
P33          33           15           0.00000E+00  
S32          32           16           2.16440E-05  
S33          33           16           1.95590E-07  
S34          34           16           1.10610E-06  
S35          35           16           0.00000E+00  
S36          36           16           1.01020E-08  
Cl35         35           17           2.19410E-07  
Cl36         36           17           1.91090E-10  
Cl37         37           17           9.53470E-08  
Ar36         36           18           4.90260E-06  
Ar37         37           18           0.00000E+00  
Ar38         38           18           9.88070E-07  
Ar39         39           18           1.62080E-12  
Ar40         40           18           5.69520E-09  
Ar41         41           18           0.00000E+00  
Ar42         42           18           0.00000E+00  
K39          39           19           2.11720E-07  
K40          40           19           1.83150E-09  
K41          41           19           2.20970E-08  
K42          42           19           0.00000E+00  
K43          43           19           0.00000E+00  
Ca40         40           20           3.68920E-06  
Ca41         41           20           3.77120E-10  
Ca42         42           20           3.08100E-08  
Ca43         43           20           6.55500E-09  
Ca44         44           20           9.07760E-08  
Ca45         45           20           0.00000E+00  
Ca46         46           20           5.81820E-10  
Ca47         47           20           0.00000E+00  
Ca48         48           20           8.64720E-09  
Sc45         45           21           3.34050E-09  
Sc46         46           21           0.00000E+00  
Sc47         47           21           0.00000E+00  
Sc48         48           21           0.00000E+00  
Sc49         49           21           0.00000E+00  
Ti46         46           22           1.52790E-08  
Ti47         47           22           1.33190E-08  
Ti48         48           22           1.31840E-07  
Ti49         49           22           1.38150E-08  
Ti50         50           22           2.00790E-08  
V50          50           23           5.50150E-11  
V51          51           23           2.36180E-08  
Cr50         50           24           4.37410E-08  
Cr51         51           24           0.00000E+00  
Cr52         52           24           9.10070E-07  
Cr53         53           24           1.05370E-07  
Cr54         54           24           3.96160E-08  
Mn55         55           25           8.21550E-07  
Mn56         56           25           0.00000E+00  
Fe54         54           26           4.24050E-06  
Fe55         55           26           2.66270E-13  
Fe56         56           26           7.05250E-05  
Fe57         57           26           2.12490E-06  
Fe58         58           26           7.99700E-07  
Fe59         59           26           0.00000E+00  
Fe60         60           26           2.33200E-08  
Co59         59           27           3.39400E-07  
Co60         60           27           0.00000E+00  
Ni58         58           28           2.90700E-06  
Ni59         59           28           2.70190E-09  
Ni60         60           28           1.27820E-06  
Ni61         61           28           9.47680E-08  
Ni62         62           28           2.34840E-07  
Ni63         63           28           8.89170E-13  
Ni64         64           28           8.41880E-08  
Ni65         65           28           0.00000E+00  
Ni66         66           28           0.00000E+00  
Cu63         63           29           6.58130E-08  
Cu64         64           29           0.00000E+00  
Cu65         65           29           2.83970E-08  
Cu66         66           29           0.00000E+00  
Cu67         67           29           0.00000E+00  
Zn64         64           30           6.69740E-08  
Zn65         65           30           0.00000E+00  
Zn66         66           30           4.77400E-08  
Zn67         67           30           7.86430E-09  
Zn68         68           30           3.55950E-08  
Zn69         69           30           0.00000E+00  
Zn70         70           30           8.64830E-10  
Ga69         69           31           3.84940E-09  
Ga70         70           31           0.00000E+00  
Ga71         71           31           2.83580E-09  
Ga72         72           31           0.00000E+00  
Ga73         73           31           0.00000E+00  
Ge70         70           32           5.07700E-09  
Ge71         71           32           0.00000E+00  
Ge72         72           32           6.15920E-09  
Ge73         73           32           1.75930E-09  
Ge74         74           32           8.06550E-09  
Ge75         75           32           0.00000E+00  
Ge76         76           32           1.06760E-09  
Ge77         77           32           0.00000E+00  
As75         75           33           9.77350E-10  
As76         76           33           0.00000E+00  
As77         77           33           0.00000E+00  
Se76         76           34           1.76730E-09  
Se77         77           34           1.00890E-09  
Se78         78           34           3.42240E-09  
Se79         79           34           2.68760E-10  
Se80         80           34           7.16580E-09  
Se81         81           34           0.00000E+00  
Se82         82           34           7.28630E-10  
Br79         79           35           1.01340E-09  
Br80         80           35           0.00000E+00  
Br81         81           35           1.12320E-09  
Br82         82           35           0.00000E+00  
Br83         83           35           0.00000E+00  
Br84         84           35           0.00000E+00  
Kr80         80           36           2.08370E-10  
Kr81         81           36           5.88280E-12  
Kr82         82           36           2.47190E-09  
Kr83         83           36           1.41610E-09  
Kr84         84           36           8.14820E-09  
Kr85         85           36           0.00000E+00  
Kr86         86           36           3.48360E-09  
Kr87         87           36           0.00000E+00  
Kr88         88           36           0.00000E+00  
Rb85         85           37           1.61790E-09  
Rb86         86           37           0.00000E+00  
Rb87         87           37           1.22810E-09  
Rb88         88           37           0.00000E+00  
Sr86         86           38           1.56840E-09  
Sr87         87           38           1.12910E-09  
Sr88         88           38           3.08290E-08  
Sr89         89           38           0.00000E+00  
Sr90         90           38           0.00000E+00  
Sr91         91           38           0.00000E+00  
Sr92         92           38           0.00000E+00  
Y89          89           39           7.73250E-09  
Y90          90           39           0.00000E+00  
Y91          91           39           0.00000E+00  
Y92          92           39           0.00000E+00  
Y93          93           39           0.00000E+00  
Zr90         90           40           8.00850E-09  
Zr91         91           40           2.45810E-09  
Zr92         92           40           4.00610E-09  
Zr93         93           40           9.57550E-10  
Zr94         94           40           5.25710E-09  
Zr95         95           40           0.00000E+00  
Zr96         96           40           1.01300E-09  
Zr97         97           40           0.00000E+00  
Nb93         93           41           3.74600E-10  
Nb94         94           41           0.00000E+00  
Nb95         95           41           0.00000E+00  
Nb96         96           41           0.00000E+00  
Nb97         97           41           0.00000E+00  
Mo92         92           42           5.84560E-11  
Mo93         93           42           0.00000E+00  
Mo94         94           42           4.96170E-11  
Mo95         95           42           6.39850E-10  
Mo96         96           42           1.04920E-09  
Mo97         97           42           3.83370E-10  
Mo98         98           42           1.36180E-09  
Mo99         99           42           0.00000E+00  
Mo00         100          42           1.34930E-10  
Tc97         97           43           0.00000E+00  
Tc98         98           43           0.00000E+00  
Tc99         99           43           4.59320E-11  
Ru96         96           44           1.45440E-11  
Ru97         97           44           0.00000E+00  
Ru98         98           44           5.06780E-12  
Ru99         99           44           1.64140E-10  
Ru00         100          44           6.55480E-10  
Ru01         101          44           1.90730E-10  
Ru02         102          44           8.29860E-10  
Ru03         103          44           0.00000E+00  
Ru04         104          44           1.49220E-10  
Ru05         105          44           0.00000E+00  
Ru06         106          44           0.00000E+00  
Rh03         103          45           2.15160E-10  
Rh05         105          45           0.00000E+00  
Pd04         104          46           4.91880E-10  
Pd05         105          46           1.84290E-10  
Pd06         106          46           6.62060E-10  
Pd07         107          46           1.10940E-10  
Pd08         108          46           8.24760E-10  
Pd09         109          46           0.00000E+00  
Pd10         110          46           1.29140E-10  
Ag07         107          47           4.79100E-11  
Ag09         109          47           2.35060E-10  
Ag11         111          47           0.00000E+00  
Cd08         108          48           2.81820E-12  
Cd09         109          48           0.00000E+00  
Cd10         110          48           6.47790E-10  
Cd11         111          48           2.58330E-10  
Cd12         112          48           9.26210E-10  
Cd13         113          48           2.85930E-10  
Cd14         114          48           1.35540E-09  
Cd15         115          48           0.00000E+00  
Cd16         116          48           2.24680E-10  
In13         113          49           1.32200E-12  
In15         115          49           2.90490E-10  
Sn14         114          50           4.21890E-12  
Sn15         115          50           2.19320E-12  
Sn16         116          50           1.78430E-09  
Sn17         117          50           5.89770E-10  
Sn18         118          50           2.78600E-09  
Sn19         119          50           8.35400E-10  
Sn20         120          50           4.65870E-09  
Sn21         121          50           0.00000E+00  
Sn22         122          50           4.27330E-10  
Sn23         123          50           0.00000E+00  
Sn24         124          50           6.22930E-11  
Sb21         121          51           3.78290E-10  
Sb22         122          51           0.00000E+00  
Sb23         123          51           1.26730E-10  
Sb24         124          51           0.00000E+00  
Sb25         125          51           0.00000E+00  
Te22         122          52           5.21300E-10  
Te23         123          52           1.75050E-10  
Te24         124          52           1.08760E-09  
Te25         125          52           4.16580E-10  
Te26         126          52           2.27480E-09  
Te27         127          52           0.00000E+00  
Te28         128          52           5.60040E-10  
Te30         130          52           3.28870E-10  
I127         127          53           4.76330E-10  
I128         128          53           0.00000E+00  
I129         129          53           8.02330E-12  
I130         130          53           0.00000E+00  
I131         131          53           0.00000E+00  
I132         132          53           0.00000E+00  
I133         133          53           0.00000E+00  
Xe28         128          54           6.91420E-10  
Xe29         129          54           5.64140E-10  
Xe30         130          54           1.49520E-09  
Xe31         131          54           6.48270E-10  
Xe32         132          54           3.30800E-09  
Xe33         133          54           0.00000E+00  
Xe34         134          54           5.41150E-10  
Xe35         135          54           0.00000E+00  
Xe36         136          54           1.05780E-10  
Cs33         133          55           5.06930E-10  
Cs34         134          55           0.00000E+00  
Cs35         135          55           3.29630E-10  
Cs36         136          55           0.00000E+00  
Cs37         137          55           0.00000E+00  
Ba34         134          56           8.90500E-10  
Ba35         135          56           3.70850E-10  
Ba36         136          56           3.17520E-09  
Ba37         137          56           2.97860E-09  
Ba38         138          56           4.41450E-08  
Ba39         139          56           0.00000E+00  
Ba40         140          56           0.00000E+00  
La39         139          57           5.59270E-09  
La40         140          57           0.00000E+00  
Ce40         140          58           1.84990E-08  
Ce41         141          58           0.00000E+00  
Ce42         142          58           7.99970E-10  
Ce43         143          58           0.00000E+00  
Ce44         144          58           0.00000E+00  
Pr41         141          59           1.94970E-09  
Pr42         142          59           0.00000E+00  
Pr43         143          59           0.00000E+00  
Pr45         145          59           0.00000E+00  
Nd42         142          60           4.57620E-09  
Nd43         143          60           7.92390E-10  
Nd44         144          60           2.55160E-09  
Nd45         145          60           4.81670E-10  
Nd46         146          60           2.34360E-09  
Nd47         147          60           0.00000E+00  
Nd48         148          60           4.26100E-10  
Nd49         149          60           0.00000E+00  
Nd50         150          60           2.28510E-11  
Pm45         145          61           0.00000E+00  
Pm46         146          61           0.00000E+00  
Pm47         147          61           0.00000E+00  
Pm48         148          61           0.00000E+00  
Pm49         149          61           0.00000E+00  
Pm50         150          61           0.00000E+00  
Pm51         151          61           0.00000E+00  
Sm44         144          62           1.72480E-12  
Sm45         145          62           0.00000E+00  
Sm46         146          62           0.00000E+00  
Sm47         147          62           2.78600E-10  
Sm48         148          62           5.83330E-10  
Sm49         149          62           1.21600E-10  
Sm50         150          62           4.95850E-10  
Sm51         151          62           0.00000E+00  
Sm52         152          62           4.39580E-10  
Sm53         153          62           0.00000E+00  
Sm54         154          62           2.11780E-10  
Eu51         151          63           7.87370E-11  
Eu52         152          63           0.00000E+00  
Eu53         153          63           9.02610E-11  
Eu54         154          63           0.00000E+00  
Eu55         155          63           0.00000E+00  
Eu56         156          63           0.00000E+00  
Eu57         157          63           0.00000E+00  
Gd52         152          64           4.90430E-12  
Gd53         153          64           0.00000E+00  
Gd54         154          64           1.16920E-10  
Gd55         155          64           1.24580E-10  
Gd56         156          64           3.65700E-10  
Gd57         157          64           1.72000E-10  
Gd58         158          64           6.41480E-10  
Gd59         159          64           0.00000E+00  
Gd60         160          64           1.57580E-10  
Tb59         159          65           1.53510E-10  
Tb60         160          65           0.00000E+00  
Tb61         161          65           0.00000E+00  
Dy60         160          66           2.00150E-10  
Dy61         161          66           1.22360E-10  
Dy62         162          66           4.65010E-10  
Dy63         163          66           1.63850E-10  
Dy64         164          66           7.78680E-10  
Dy65         165          66           0.00000E+00  
Dy66         166          66           0.00000E+00  
Ho63         163          67           3.24590E-13  
Ho64         164          67           0.00000E+00  
Ho65         165          67           2.11140E-10  
Ho66         166          67           0.00000E+00  
Er64         164          68           7.45070E-11  
Er65         165          68           0.00000E+00  
Er66         166          68           3.04060E-10  
Er67         167          68           1.47220E-10  
Er68         168          68           5.84270E-10  
Er69         169          68           0.00000E+00  
Er70         170          68           3.23450E-10  
Er71         171          68           0.00000E+00  
Er72         172          68           0.00000E+00  
Tm69         169          69           1.62200E-10  
Tm70         170          69           0.00000E+00  
Tm71         171          69           0.00000E+00  
Tm72         172          69           0.00000E+00  
Tm73         173          69           0.00000E+00  
Yb70         170          70           1.80350E-10  
Yb71         171          70           2.81820E-10  
Yb72         172          70           6.87480E-10  
Yb73         173          70           3.21450E-10  
Yb74         174          70           1.50780E-09  
Yb75         175          70           0.00000E+00  
Yb76         176          70           3.29810E-10  
Yb77         177          70           0.00000E+00  
Lu75         175          71           2.17650E-10  
Lu76         176          71           3.69940E-11  
Lu77         177          71           0.00000E+00  
Hf76         176          72           2.63830E-10  
Hf77         177          72           1.88330E-10  
Hf78         178          72           8.21440E-10  
Hf79         179          72           2.80790E-10  
Hf80         180          72           1.52700E-09  
Hf81         181          72           0.00000E+00  
Hf82         182          72           1.90920E-10  
Hf83         183          72           0.00000E+00  
Hf84         184          72           0.00000E+00  
Ta79         179          73           0.00000E+00  
Ta80         180          73           0.00000E+00  
Ta81         181          73           3.28300E-10  
Ta82         182          73           0.00000E+00  
Ta83         183          73           0.00000E+00  
Ta84         184          73           0.00000E+00  
W180         180          74           0.00000E+00  
W181         181          74           0.00000E+00  
W182         182          74           5.44830E-10  
W183         183          74           3.99900E-10  
W184         184          74           1.09900E-09  
W185         185          74           0.00000E+00  
W186         186          74           8.06680E-10  
W187         187          74           0.00000E+00  
W188         188          74           0.00000E+00  
Re85         185          75           2.21110E-10  
Re86         186          75           0.00000E+00  
Re87         187          75           1.67910E-10  
Re88         188          75           0.00000E+00  
Re89         189          75           0.00000E+00  
Os86         186          76           3.58210E-10  
Os87         187          76           1.01320E-10  
Os88         188          76           6.78630E-10  
Os89         189          76           2.10170E-10  
Os90         190          76           9.05590E-10  
Os91         191          76           0.00000E+00  
Os92         192          76           3.38240E-10  
Os93         193          76           0.00000E+00  
Os94         194          76           0.00000E+00  
Ir91         191          77           2.54360E-10  
Ir92         192          77           0.00000E+00  
Ir93         193          77           3.53920E-10  
Ir94         194          77           0.00000E+00  
Ir95         195          77           0.00000E+00  
Pt92         192          78           2.39880E-10  
Pt93         193          78           0.00000E+00  
Pt94         194          78           1.16620E-09  
Pt95         195          78           5.30270E-10  
Pt96         196          78           1.68080E-09  
Pt97         197          78           0.00000E+00  
Pt98         198          78           2.00080E-10  
Au97         197          79           5.01910E-10  
Au98         198          79           0.00000E+00  
Au99         199          79           0.00000E+00  
Hg98         198          80           1.32970E-09  
Hg99         199          80           6.78470E-10  
Hg00         200          80           2.33120E-09  
Hg01         201          80           1.01170E-09  
Hg02         202          80           3.88130E-09  
Hg03         203          80           0.00000E+00  
Hg04         204          80           1.20020E-10  
Tl03         203          81           1.99170E-09  
Tl04         204          81           0.00000E+00  
Tl05         205          81           4.43290E-09  
Pb04         204          82           2.42850E-09  
Pb05         205          82           2.35590E-10  
Pb06         206          82           2.37860E-08  
Pb07         207          82           4.07440E-08  
Pb08         208          82           4.49940E-07  
Pb09         209          82           0.00000E+00  
Pb10         210          82           0.00000E+00  
Bi09         209          83           6.61470E-09  
Bi10         210          83           0.00000E+00  
Po10         210          84           0.00000E+00  
