Isotope      A            Z            YIELD [M<sub><font face='Wingdings'>&#164;</font></sub>]Isotope      A            Z            YIELD [M<sub><font face='Wingdings'>&#164;</font></sub>]Isotope      A            Z            YIELD [M<sub><font face='Wingdings'>&#164;</font></sub>]Isotope      A            Z            YIELD [M<sub><font face='Wingdings'>&#164;</font></sub>]
H            1            1            1.22780E+00  
He4          4            2            5.12930E-01  
C12          12           6            2.22820E-02  
C13          13           6            8.26460E-06  
C14          14           6            6.97650E-09  
N14          14           7            2.77010E-04  
N15          15           7            1.25540E-07  
O16          16           8            1.16630E-03  
O17          17           8            1.09980E-05  
O18          18           8            9.86190E-07  
F18          18           9            0.00000E+00  
F19          19           9            3.02090E-06  
Ne20         20           10           1.52720E-04  
Ne21         21           10           1.56390E-06  
Ne22         22           10           1.88050E-03  
Na22         22           11           0.00000E+00  
Na23         23           11           2.69800E-05  
Na24         24           11           0.00000E+00  
Mg24         24           12           9.57160E-05  
Mg25         25           12           7.18960E-05  
Mg26         26           12           1.04070E-04  
Al26         26           13           6.74170E-08  
Al27         27           13           1.45730E-05  
Si28         28           14           9.15950E-05  
Si29         29           14           5.16360E-06  
Si30         30           14           4.32300E-06  
Si31         31           14           0.00000E+00  
Si32         32           14           7.85380E-13  
P31          31           15           1.21990E-06  
P32          32           15           0.00000E+00  
P33          33           15           0.00000E+00  
S32          32           16           4.59800E-05  
S33          33           16           4.12900E-07  
S34          34           16           2.55860E-06  
S35          35           16           0.00000E+00  
S36          36           16           3.07880E-08  
Cl35         35           17           4.67550E-07  
Cl36         36           17           5.05480E-10  
Cl37         37           17           2.01550E-07  
Ar36         36           18           1.03560E-05  
Ar37         37           18           0.00000E+00  
Ar38         38           18           2.17640E-06  
Ar39         39           18           3.97600E-11  
Ar40         40           18           2.33830E-08  
Ar41         41           18           0.00000E+00  
Ar42         42           18           0.00000E+00  
K39          39           19           4.68040E-07  
K40          40           19           3.00820E-09  
K41          41           19           4.76420E-08  
K42          42           19           0.00000E+00  
K43          43           19           0.00000E+00  
Ca40         40           20           7.80920E-06  
Ca41         41           20           9.62080E-10  
Ca42         42           20           7.16650E-08  
Ca43         43           20           1.63600E-08  
Ca44         44           20           1.98620E-07  
Ca45         45           20           0.00000E+00  
Ca46         46           20           4.85450E-09  
Ca47         47           20           0.00000E+00  
Ca48         48           20           1.85370E-08  
Sc45         45           21           9.92410E-09  
Sc46         46           21           0.00000E+00  
Sc47         47           21           0.00000E+00  
Sc48         48           21           0.00000E+00  
Sc49         49           21           0.00000E+00  
Ti46         46           22           3.19420E-08  
Ti47         47           22           2.84050E-08  
Ti48         48           22           2.78100E-07  
Ti49         49           22           2.86260E-08  
Ti50         50           22           4.44870E-08  
V50          50           23           1.16460E-10  
V51          51           23           4.95250E-08  
Cr50         50           24           9.26210E-08  
Cr51         51           24           0.00000E+00  
Cr52         52           24           1.92200E-06  
Cr53         53           24           2.23990E-07  
Cr54         54           24           1.07040E-07  
Mn55         55           25           1.67890E-06  
Mn56         56           25           0.00000E+00  
Fe54         54           26           8.94010E-06  
Fe55         55           26           2.16930E-13  
Fe56         56           26           1.48540E-04  
Fe57         57           26           4.51600E-06  
Fe58         58           26           3.21890E-06  
Fe59         59           26           0.00000E+00  
Fe60         60           26           5.40450E-07  
Co59         59           27           1.25630E-06  
Co60         60           27           1.89790E-12  
Ni58         58           28           6.12770E-06  
Ni59         59           28           1.84970E-09  
Ni60         60           28           2.86130E-06  
Ni61         61           28           2.94410E-07  
Ni62         62           28           6.49870E-07  
Ni63         63           28           4.95640E-11  
Ni64         64           28           4.24450E-07  
Ni65         65           28           0.00000E+00  
Ni66         66           28           0.00000E+00  
Cu63         63           29           3.14390E-07  
Cu64         64           29           0.00000E+00  
Cu65         65           29           9.38000E-08  
Cu66         66           29           0.00000E+00  
Cu67         67           29           0.00000E+00  
Zn64         64           30           1.30230E-07  
Zn65         65           30           0.00000E+00  
Zn66         66           30           1.31720E-07  
Zn67         67           30           2.36810E-08  
Zn68         68           30           1.20180E-07  
Zn69         69           30           0.00000E+00  
Zn70         70           30           3.41790E-09  
Ga69         69           31           1.42970E-08  
Ga70         70           31           0.00000E+00  
Ga71         71           31           9.83160E-09  
Ga72         72           31           0.00000E+00  
Ga73         73           31           0.00000E+00  
Ge70         70           32           1.90020E-08  
Ge71         71           32           0.00000E+00  
Ge72         72           32           2.03950E-08  
Ge73         73           32           5.89430E-09  
Ge74         74           32           2.59010E-08  
Ge75         75           32           0.00000E+00  
Ge76         76           32           3.27070E-09  
Ge77         77           32           0.00000E+00  
As75         75           33           2.89010E-09  
As76         76           33           0.00000E+00  
As77         77           33           0.00000E+00  
Se76         76           34           6.40150E-09  
Se77         77           34           3.25800E-09  
Se78         78           34           1.10460E-08  
Se79         79           34           1.67560E-09  
Se80         80           34           2.29490E-08  
Se81         81           34           0.00000E+00  
Se82         82           34           2.76820E-09  
Br79         79           35           2.52720E-09  
Br80         80           35           0.00000E+00  
Br81         81           35           3.38560E-09  
Br82         82           35           0.00000E+00  
Br83         83           35           0.00000E+00  
Br84         84           35           0.00000E+00  
Kr80         80           36           4.74980E-10  
Kr81         81           36           1.77550E-11  
Kr82         82           36           7.17920E-09  
Kr83         83           36           3.68110E-09  
Kr84         84           36           2.23720E-08  
Kr85         85           36           0.00000E+00  
Kr86         86           36           1.77460E-08  
Kr87         87           36           0.00000E+00  
Kr88         88           36           0.00000E+00  
Rb85         85           37           5.96050E-09  
Rb86         86           37           0.00000E+00  
Rb87         87           37           8.78940E-09  
Rb88         88           37           0.00000E+00  
Sr86         86           38           2.93540E-09  
Sr87         87           38           1.56120E-09  
Sr88         88           38           5.54670E-08  
Sr89         89           38           0.00000E+00  
Sr90         90           38           0.00000E+00  
Sr91         91           38           0.00000E+00  
Sr92         92           38           0.00000E+00  
Y89          89           39           1.62020E-08  
Y90          90           39           0.00000E+00  
Y91          91           39           0.00000E+00  
Y92          92           39           0.00000E+00  
Y93          93           39           0.00000E+00  
Zr90         90           40           1.38030E-08  
Zr91         91           40           4.62980E-09  
Zr92         92           40           8.43020E-09  
Zr93         93           40           2.27160E-09  
Zr94         94           40           1.10140E-08  
Zr95         95           40           0.00000E+00  
Zr96         96           40           8.09880E-09  
Zr97         97           40           0.00000E+00  
Nb93         93           41           6.76730E-10  
Nb94         94           41           0.00000E+00  
Nb95         95           41           0.00000E+00  
Nb96         96           41           0.00000E+00  
Nb97         97           41           0.00000E+00  
Mo92         92           42           1.24200E-10  
Mo93         93           42           0.00000E+00  
Mo94         94           42           8.11330E-11  
Mo95         95           42           1.46910E-09  
Mo96         96           42           2.07700E-09  
Mo97         97           42           9.15310E-10  
Mo98         98           42           2.49870E-09  
Mo99         99           42           0.00000E+00  
Mo00         100          42           3.75010E-10  
Tc97         97           43           0.00000E+00  
Tc98         98           43           0.00000E+00  
Tc99         99           43           1.20430E-10  
Ru96         96           44           3.11970E-11  
Ru97         97           44           0.00000E+00  
Ru98         98           44           1.07550E-11  
Ru99         99           44           2.62900E-10  
Ru00         100          44           1.01680E-09  
Ru01         101          44           3.29750E-10  
Ru02         102          44           1.29250E-09  
Ru03         103          44           0.00000E+00  
Ru04         104          44           3.34120E-10  
Ru05         105          44           0.00000E+00  
Ru06         106          44           0.00000E+00  
Rh03         103          45           3.55110E-10  
Rh05         105          45           0.00000E+00  
Pd04         104          46           6.95230E-10  
Pd05         105          46           3.04480E-10  
Pd06         106          46           1.02120E-09  
Pd07         107          46           1.65590E-10  
Pd08         108          46           1.23800E-09  
Pd09         109          46           0.00000E+00  
Pd10         110          46           3.16340E-10  
Ag07         107          47           9.56140E-11  
Ag09         109          47           3.63680E-10  
Ag11         111          47           0.00000E+00  
Cd08         108          48           5.01070E-12  
Cd09         109          48           0.00000E+00  
Cd10         110          48           9.02680E-10  
Cd11         111          48           3.98330E-10  
Cd12         112          48           1.37600E-09  
Cd13         113          48           4.31060E-10  
Cd14         114          48           1.97360E-09  
Cd15         115          48           0.00000E+00  
Cd16         116          48           8.12250E-10  
In13         113          49           2.84080E-12  
In15         115          49           4.35580E-10  
Sn14         114          50           9.00200E-12  
Sn15         115          50           4.67250E-12  
Sn16         116          50           2.33380E-09  
Sn17         117          50           9.09360E-10  
Sn18         118          50           4.35220E-09  
Sn19         119          50           1.30940E-09  
Sn20         120          50           7.51900E-09  
Sn21         121          50           0.00000E+00  
Sn22         122          50           3.32140E-09  
Sn23         123          50           0.00000E+00  
Sn24         124          50           8.57990E-10  
Sb21         121          51           6.31040E-10  
Sb22         122          51           0.00000E+00  
Sb23         123          51           4.48850E-10  
Sb24         124          51           0.00000E+00  
Sb25         125          51           0.00000E+00  
Te22         122          52           8.29430E-10  
Te23         123          52           2.73450E-10  
Te24         124          52           2.01660E-09  
Te25         125          52           7.99780E-10  
Te26         126          52           3.65050E-09  
Te27         127          52           0.00000E+00  
Te28         128          52           1.37920E-09  
Te30         130          52           6.92540E-10  
I127         127          53           8.48590E-10  
I128         128          53           0.00000E+00  
I129         129          53           2.08770E-11  
I130         130          53           0.00000E+00  
I131         131          53           0.00000E+00  
I132         132          53           0.00000E+00  
I133         133          53           0.00000E+00  
Xe28         128          54           1.02210E-09  
Xe29         129          54           1.03910E-09  
Xe30         130          54           2.07290E-09  
Xe31         131          54           1.05300E-09  
Xe32         132          54           4.46550E-09  
Xe33         133          54           0.00000E+00  
Xe34         134          54           3.34300E-09  
Xe35         135          54           0.00000E+00  
Xe36         136          54           7.28380E-10  
Cs33         133          55           7.20660E-10  
Cs34         134          55           0.00000E+00  
Cs35         135          55           7.56230E-10  
Cs36         136          55           0.00000E+00  
Cs37         137          55           0.00000E+00  
Ba34         134          56           1.09550E-09  
Ba35         135          56           5.00910E-10  
Ba36         136          56           3.81730E-09  
Ba37         137          56           6.37240E-09  
Ba38         138          56           6.36750E-08  
Ba39         139          56           0.00000E+00  
Ba40         140          56           0.00000E+00  
La39         139          57           8.10050E-09  
La40         140          57           0.00000E+00  
Ce40         140          58           2.18460E-08  
Ce41         141          58           0.00000E+00  
Ce42         142          58           5.20170E-09  
Ce43         143          58           0.00000E+00  
Ce44         144          58           0.00000E+00  
Pr41         141          59           2.85820E-09  
Pr42         142          59           0.00000E+00  
Pr43         143          59           0.00000E+00  
Pr45         145          59           0.00000E+00  
Nd42         142          60           4.24080E-09  
Nd43         143          60           1.32340E-09  
Nd44         144          60           4.80260E-09  
Nd45         145          60           8.95000E-10  
Nd46         146          60           3.90910E-09  
Nd47         147          60           0.00000E+00  
Nd48         148          60           9.27520E-10  
Nd49         149          60           0.00000E+00  
Nd50         150          60           1.00570E-10  
Pm45         145          61           0.00000E+00  
Pm46         146          61           0.00000E+00  
Pm47         147          61           0.00000E+00  
Pm48         148          61           0.00000E+00  
Pm49         149          61           0.00000E+00  
Pm50         150          61           0.00000E+00  
Pm51         151          61           0.00000E+00  
Sm44         144          62           3.67190E-12  
Sm45         145          62           0.00000E+00  
Sm46         146          62           0.00000E+00  
Sm47         147          62           4.66480E-10  
Sm48         148          62           8.57980E-10  
Sm49         149          62           2.14880E-10  
Sm50         150          62           8.24720E-10  
Sm51         151          62           0.00000E+00  
Sm52         152          62           7.60900E-10  
Sm53         153          62           0.00000E+00  
Sm54         154          62           4.77320E-10  
Eu51         151          63           1.41680E-10  
Eu52         152          63           0.00000E+00  
Eu53         153          63           1.62160E-10  
Eu54         154          63           0.00000E+00  
Eu55         155          63           0.00000E+00  
Eu56         156          63           0.00000E+00  
Eu57         157          63           0.00000E+00  
Gd52         152          64           9.72180E-12  
Gd53         153          64           0.00000E+00  
Gd54         154          64           2.04790E-10  
Gd55         155          64           2.32230E-10  
Gd56         156          64           6.75350E-10  
Gd57         157          64           3.23560E-10  
Gd58         158          64           1.19020E-09  
Gd59         159          64           0.00000E+00  
Gd60         160          64           4.30580E-10  
Tb59         159          65           2.91350E-10  
Tb60         160          65           0.00000E+00  
Tb61         161          65           0.00000E+00  
Dy60         160          66           3.64490E-10  
Dy61         161          66           2.47160E-10  
Dy62         162          66           9.07160E-10  
Dy63         163          66           3.14910E-10  
Dy64         164          66           1.34970E-09  
Dy65         165          66           0.00000E+00  
Dy66         166          66           0.00000E+00  
Ho63         163          67           1.95070E-12  
Ho64         164          67           0.00000E+00  
Ho65         165          67           4.00330E-10  
Ho66         166          67           0.00000E+00  
Er64         164          68           1.64830E-10  
Er65         165          68           0.00000E+00  
Er66         166          68           5.55060E-10  
Er67         167          68           2.73080E-10  
Er68         168          68           1.00010E-09  
Er69         169          68           0.00000E+00  
Er70         170          68           6.42110E-10  
Er71         171          68           0.00000E+00  
Er72         172          68           0.00000E+00  
Tm69         169          69           2.83660E-10  
Tm70         170          69           0.00000E+00  
Tm71         171          69           0.00000E+00  
Tm72         172          69           0.00000E+00  
Tm73         173          69           0.00000E+00  
Yb70         170          70           2.94890E-10  
Yb71         171          70           4.79600E-10  
Yb72         172          70           1.13500E-09  
Yb73         173          70           5.42030E-10  
Yb74         174          70           2.46430E-09  
Yb75         175          70           0.00000E+00  
Yb76         176          70           8.46720E-10  
Yb77         177          70           0.00000E+00  
Lu75         175          71           3.63020E-10  
Lu76         176          71           6.03740E-11  
Lu77         177          71           0.00000E+00  
Hf76         176          72           4.18870E-10  
Hf77         177          72           3.36390E-10  
Hf78         178          72           1.43680E-09  
Hf79         179          72           4.93880E-10  
Hf80         180          72           2.52110E-09  
Hf81         181          72           0.00000E+00  
Hf82         182          72           5.47560E-10  
Hf83         183          72           0.00000E+00  
Hf84         184          72           0.00000E+00  
Ta79         179          73           0.00000E+00  
Ta80         180          73           1.34980E-13  
Ta81         181          73           5.46810E-10  
Ta82         182          73           0.00000E+00  
Ta83         183          73           0.00000E+00  
Ta84         184          73           0.00000E+00  
W180         180          74           0.00000E+00  
W181         181          74           0.00000E+00  
W182         182          74           8.40560E-10  
W183         183          74           6.67020E-10  
W184         184          74           1.65590E-09  
W185         185          74           0.00000E+00  
W186         186          74           1.23250E-09  
W187         187          74           0.00000E+00  
W188         188          74           0.00000E+00  
Re85         185          75           3.33500E-10  
Re86         186          75           0.00000E+00  
Re87         187          75           2.65510E-10  
Re88         188          75           0.00000E+00  
Re89         189          75           0.00000E+00  
Os86         186          76           5.08200E-10  
Os87         187          76           1.45090E-10  
Os88         188          76           1.14280E-09  
Os89         189          76           3.74420E-10  
Os90         190          76           1.65170E-09  
Os91         191          76           0.00000E+00  
Os92         192          76           6.58430E-10  
Os93         193          76           0.00000E+00  
Os94         194          76           0.00000E+00  
Ir91         191          77           4.86480E-10  
Ir92         192          77           0.00000E+00  
Ir93         193          77           6.88380E-10  
Ir94         194          77           0.00000E+00  
Ir95         195          77           0.00000E+00  
Pt92         192          78           4.23390E-10  
Pt93         193          78           0.00000E+00  
Pt94         194          78           2.49240E-09  
Pt95         195          78           1.06650E-09  
Pt96         196          78           2.81550E-09  
Pt97         197          78           0.00000E+00  
Pt98         198          78           6.92250E-10  
Au97         197          79           8.35240E-10  
Au98         198          79           0.00000E+00  
Au99         199          79           0.00000E+00  
Hg98         198          80           1.78370E-09  
Hg99         199          80           9.91560E-10  
Hg00         200          80           3.10100E-09  
Hg01         201          80           1.33320E-09  
Hg02         202          80           4.66690E-09  
Hg03         203          80           0.00000E+00  
Hg04         204          80           8.13350E-10  
Tl03         203          81           2.48540E-09  
Tl04         204          81           0.00000E+00  
Tl05         205          81           5.20370E-09  
Pb04         204          82           2.48350E-09  
Pb05         205          82           1.97680E-10  
Pb06         206          82           3.23030E-08  
Pb07         207          82           5.55360E-08  
Pb08         208          82           8.67430E-07  
Pb09         209          82           0.00000E+00  
Pb10         210          82           0.00000E+00  
Bi09         209          83           2.51060E-08  
Bi10         210          83           0.00000E+00  
Po10         210          84           0.00000E+00  
