# Final abundances
# El  Z   log e(X)   [X/H]    [X/Fe]     [X/O]      X(i)
  p   1  12.000000  0.000000  0.000000  0.000000 5.75010E-01
 he   2  11.260777  0.330776  1.633991  1.726779 4.16272E-01
 li   3  -2.601738 -5.861738 -4.558523 -4.465735 9.90602E-15
 be   4  -5.543375 -6.843375 -5.540160 -5.447372 1.47117E-17
  b   5   0.000000 -2.790000  0.000000  0.000000 1.88740E-31
  c   6   8.456392 -0.013608  1.289607  1.382395 1.95968E-03
  n   7   9.129857  1.259857  2.563072  2.655860 1.07750E-02
  o   8   7.333996 -1.396003 -0.092788  0.000000 1.96927E-04
  f   9   3.791899 -0.628101  0.675114  0.767902 6.71153E-08
 ne  10   7.492117 -0.477882  0.825333  0.918121 3.57482E-04
 na  11   5.772008 -0.467991  0.835224  0.928012 7.75823E-06
 mg  12   6.951026 -0.688973  0.614242  0.707030 1.23862E-04
 al  13   6.019695 -0.430305  0.872910  0.965699 1.61059E-05
 si  14   6.331870 -1.218131  0.085084  0.177873 3.44013E-05
  p  15   4.564434 -0.845566  0.457649  0.550437 6.48107E-07
  s  16   5.866105 -1.283895  0.019320  0.112108 1.34385E-05
 cl  17   3.982363 -1.247637  0.055578  0.148366 1.94192E-07
 ar  18   5.144141 -1.295859  0.007356  0.100144 3.17579E-06
  k  19   3.826505 -1.253495  0.049720  0.142508 1.49580E-07
 ca  20   4.988201 -1.301799  0.001416  0.094204 2.22496E-06
 sc  21   2.057669 -0.992331  0.310884  0.403672 2.92868E-09
 ti  22   3.634579 -1.275421  0.027794  0.120582 1.17714E-07
  v  23   2.661694 -1.298306  0.004909  0.097697 1.33348E-08
 cr  24   4.321867 -1.318132 -0.014917  0.077871 6.22375E-07
 mn  25   4.179489 -1.300511  0.002704  0.095492 4.73780E-07
 fe  26   6.236785 -1.303215  0.000000  0.092788 5.49521E-05
 co  27   3.876158 -0.993842  0.309373  0.402161 2.52773E-07
 ni  28   5.070754 -1.129246  0.173969  0.266757 3.94054E-06
 cu  29   3.803059 -0.446941  0.856274  0.949062 2.30336E-07
 zn  30   3.804282 -0.825718  0.477497  0.570285 2.37758E-07
 ga  31   2.811943 -0.268057  1.035158  1.127946 2.57949E-08
 ge  32   3.260463 -0.319537  0.983678  1.076466 7.54838E-08
 as  33   1.797389 -0.502611  0.800604  0.893392 2.68048E-09
 se  34   3.137611 -0.202389  1.100827  1.193615 6.18349E-08
 br  35   2.287295 -0.252705  1.050510  1.143299 8.83240E-09
 kr  36   3.405620  0.155620  1.458835  1.551623 1.21638E-07
 rb  37   2.764420  0.244420  1.547635  1.640423 2.83425E-08
 sr  38   2.964446  0.084446  1.387661  1.480449 4.60537E-08
  y  39   2.285178  0.075178  1.378393  1.471181 9.77967E-09
 zr  40   2.607214  0.077214  1.380429  1.473217 2.10639E-08
 nb  41   1.354962 -0.055038  1.248177  1.340966 1.20011E-09
 mo  42   1.704009 -0.235991  1.067224  1.160012 2.76837E-09
 tc  43   0.000000 -9.000000  0.000000  0.000000 0.00000E+00
 ru  44   1.363956 -0.396044  0.907171  0.999960 1.33289E-09
 rh  45   0.310893 -0.749107  0.554108  0.646896 1.20102E-10
 pd  46   1.264020 -0.385980  0.917235  1.010023 1.11496E-09
 ag  47   0.489002 -0.710998  0.592217  0.685005 1.89719E-10
 cd  48   1.359085 -0.350915  0.952300  1.045088 1.46592E-09
 in  49   0.216125 -0.543875  0.759340  0.852128 1.07733E-10
 sn  50   1.712614 -0.357386  0.945829  1.038617 3.49395E-09
 sb  51   0.188600 -0.821400  0.481815  0.574603 1.07231E-10
 te  52   1.247066 -0.932935  0.370281  0.463069 1.28568E-09
  i  53   0.417816 -1.132184  0.171031  0.263819 1.89455E-10
 xe  54   1.466696 -0.773304  0.529911  0.622699 2.19358E-09
 cs  55   0.203318 -0.876682  0.426533  0.519321 1.21080E-10
 ba  56   1.894274 -0.285726  1.017489  1.110277 6.14108E-09
 la  57   0.651112 -0.518888  0.784327  0.877115 3.54852E-10
 ce  58   1.013570 -0.566430  0.736785  0.829573 8.24656E-10
 pr  59   0.006004 -0.753996  0.549219  0.642008 8.14996E-11
 nd  60   0.659821 -0.790179  0.513036  0.605824 3.75942E-10
 pm  61   0.000000 -9.000000  0.000000  0.000000 1.97608E-24
 sm  62  -0.078880 -1.018880  0.284335  0.377123 7.15265E-11
 eu  63  -0.705746 -1.215746  0.087469  0.180258 1.70691E-11
 gd  64  -0.102056 -1.152056  0.151160  0.243948 7.09170E-11
 tb  65  -0.856938 -1.176938  0.126277  0.219065 1.26028E-11
 dy  66   0.060548 -1.069452  0.233763  0.326551 1.06566E-10
 ho  67  -0.731964 -1.201964  0.101251  0.194039 1.74402E-11
 er  68  -0.136152 -1.056152  0.247063  0.339851 6.97352E-11
 tm  69  -0.991058 -1.111058  0.192157  0.284945 9.83726E-12
 yb  70   0.014105 -0.905895  0.397320  0.490108 1.01969E-10
 lu  71  -0.863929 -0.953929  0.349286  0.442074 1.36534E-11
 hf  72  -0.092905 -0.802905  0.500310  0.593098 8.22099E-11
 ta  73  -1.009043 -0.889043  0.414172  0.506961 1.01094E-11
  w  74  -0.133331 -0.783331  0.519884  0.612672 7.71479E-11
 re  75  -0.814300 -1.074300  0.228915  0.321704 1.62897E-11
 os  76   0.177550 -1.172450  0.130765  0.223554 1.63322E-10
 ir  77   0.033500 -1.286500  0.016715  0.109503 1.18442E-10
 pt  78   0.372560 -1.247440  0.055775  0.148563 2.62412E-10
 au  79  -0.419863 -1.219863  0.083352  0.176141 4.27313E-11
 hg  80   0.295355 -0.874645  0.428570  0.521358 2.25881E-10
 tl  81   0.036780 -0.733220  0.569995  0.662784 1.26894E-10
 pb  82   1.087728 -0.952272  0.350943  0.443731 1.44655E-09
 bi  83  -0.407105 -1.057105  0.246110  0.338898 4.66890E-11
 po  84   0.000000 -9.000000  0.000000  0.000000 0.00000E+00
#[ls/Fe]_Thiswork =   1.3822, [hs/Fe]_Thiswork =   0.8462
#[hs/ls]_Thiswork =  -0.5360, [Pb/hs]_Thiswork =  -0.4953
# C/O =  1.3255E+01, c12/c13 = 9.69889E+00, n14/n15 = 5.34442E+04
# o16/o17 = 4.41113E+02, o16/o18 = 1.21870E+06
# mg24/mg25 =  3.1738E-02, mg24/mg26 =  2.6403E-02
# si28/si29 =  1.5740E+01, si28/si30 =  1.5252E+01
# cl36/cl35 =  0.0000E+00, cl37/cl35 =  4.4891E-01
