#  species  A   yield		mass(i)_lost	mass(i)_0	<X(i)>		X0(i)		log10(<X(i)>/X0(i))
n	1	0.0000000e+00	0.0000000e+00	0.0000000e+00	0.0000000e+00	0.0000000e+00	0.0000000e+00
p	1	-1.1154602e-01	1.0699335e+00	1.1814795e+00	6.7828512e-01	7.4899980e-01	-4.3069411e-02
d	2	-5.1206850e-06	1.5780569e-08	5.1364655e-06	1.0004103e-08	3.2562660e-06	-2.5125417e+00
he3	3	2.2081314e-04	2.5348444e-04	3.2671302e-05	1.6069664e-04	2.0711995e-05	8.8978486e-01
he4	4	8.4556417e-02	4.7890877e-01	3.9435235e-01	3.0360456e-01	2.4999996e-01	8.4368354e-02
li7	7	-6.8965576e-10	2.1761750e-10	9.0727326e-10	1.3795877e-10	5.7516654e-10	-6.2004429e-01
be7	7	6.2582586e-14	6.2582586e-14	0.0000000e+00	3.9674275e-14	0.0000000e+00	0.0000000e+00
b8	8	3.2006694e-28	3.2006694e-28	0.0000000e+00	2.0290667e-28	0.0000000e+00	0.0000000e+00
c12	12	2.2194473e-02	2.2464538e-02	2.7006509e-04	1.4241410e-02	1.7120796e-04	1.9200290e+00
c13	13	4.7905042e-06	8.0616727e-06	3.2711685e-06	5.1107032e-06	2.0737596e-06	3.9172225e-01
c14	14	1.0122136e-08	1.0122136e-08	0.0000000e+00	6.4169351e-09	0.0000000e+00	0.0000000e+00
n13	13	0.0000000e+00	0.0000000e+00	0.0000000e+00	0.0000000e+00	0.0000000e+00	0.0000000e+00
n14	14	1.7251518e-04	2.5232578e-04	7.9810601e-05	1.5996211e-04	5.0595987e-05	4.9990105e-01
n15	15	-9.0641009e-08	1.0039904e-07	1.9104005e-07	6.3648044e-08	1.2110998e-07	-2.7939486e-01
o14	14	0.0000000e+00	0.0000000e+00	0.0000000e+00	0.0000000e+00	0.0000000e+00	0.0000000e+00
o15	15	0.0000000e+00	0.0000000e+00	0.0000000e+00	0.0000000e+00	0.0000000e+00	0.0000000e+00
o16	16	6.2375498e-04	1.2844666e-03	6.6071157e-04	8.1428849e-04	4.1885858e-04	2.8871089e-01
o17	17	8.6800827e-06	8.9467764e-06	2.6669364e-07	5.6718153e-06	1.6907062e-07	1.5256539e+00
o18	18	-6.7758479e-07	8.1255591e-07	1.4901407e-06	5.1512040e-07	9.4467577e-07	-2.6337403e-01
o19	19	0.0000000e+00	0.0000000e+00	0.0000000e+00	0.0000000e+00	0.0000000e+00	0.0000000e+00
f17	17	0.0000000e+00	0.0000000e+00	0.0000000e+00	0.0000000e+00	0.0000000e+00	0.0000000e+00
f18	18	0.0000000e+00	0.0000000e+00	0.0000000e+00	0.0000000e+00	0.0000000e+00	0.0000000e+00
f19	19	6.4030466e-06	6.4415671e-06	3.8520439e-08	4.0836361e-06	2.4420060e-08	2.2233003e+00
f20	20	0.0000000e+00	0.0000000e+00	0.0000000e+00	0.0000000e+00	0.0000000e+00	0.0000000e+00
ne19	19	0.0000000e+00	0.0000000e+00	0.0000000e+00	0.0000000e+00	0.0000000e+00	0.0000000e+00
ne20	20	5.8600897e-05	1.9231473e-04	1.3371383e-04	1.2191806e-04	8.4767980e-05	1.5783621e-01
ne21	21	2.1723450e-06	2.5089010e-06	3.3655603e-07	1.5905196e-06	2.1335994e-07	8.7242615e-01
ne22	22	3.5759502e-03	3.5867653e-03	1.0815076e-05	2.2738324e-03	6.8562252e-06	2.5206734e+00
ne23	23	0.0000000e+00	0.0000000e+00	0.0000000e+00	0.0000000e+00	0.0000000e+00	0.0000000e+00
na21	21	0.0000000e+00	0.0000000e+00	0.0000000e+00	0.0000000e+00	0.0000000e+00	0.0000000e+00
na22	22	0.0000000e+00	0.0000000e+00	0.0000000e+00	0.0000000e+00	0.0000000e+00	0.0000000e+00
na23	23	5.2360526e-05	5.5441217e-05	3.0806910e-06	3.5146999e-05	1.9530063e-06	1.2551846e+00
na24	24	0.0000000e+00	0.0000000e+00	0.0000000e+00	0.0000000e+00	0.0000000e+00	0.0000000e+00
mg23	23	0.0000000e+00	0.0000000e+00	0.0000000e+00	0.0000000e+00	0.0000000e+00	0.0000000e+00
mg24	24	3.1022576e-05	9.4805437e-05	6.3782861e-05	6.0101975e-05	4.0435190e-05	1.7212925e-01
mg25	25	2.6579160e-05	3.4990433e-05	8.4112725e-06	2.2182210e-05	5.3323323e-06	6.1908761e-01
mg26	26	1.1567053e-05	2.1198462e-05	9.6314087e-06	1.3438780e-05	6.1058384e-06	3.4261453e-01
mg27	27	0.0000000e+00	0.0000000e+00	0.0000000e+00	0.0000000e+00	0.0000000e+00	0.0000000e+00
al25	25	0.0000000e+00	0.0000000e+00	0.0000000e+00	0.0000000e+00	0.0000000e+00	0.0000000e+00
al-6	26	0.0000000e+00	0.0000000e+00	0.0000000e+00	0.0000000e+00	0.0000000e+00	0.0000000e+00
al*6	26	0.0000000e+00	0.0000000e+00	0.0000000e+00	0.0000000e+00	0.0000000e+00	0.0000000e+00
al27	27	2.6837151e-06	8.5489330e-06	5.8652179e-06	5.4196022e-06	3.7182591e-06	1.6362776e-01
al28	28	0.0000000e+00	0.0000000e+00	0.0000000e+00	0.0000000e+00	0.0000000e+00	0.0000000e+00
si27	27	0.0000000e+00	0.0000000e+00	0.0000000e+00	0.0000000e+00	0.0000000e+00	0.0000000e+00
si28	28	7.3979459e-07	7.1363568e-05	7.0623773e-05	4.5240985e-05	4.4771992e-05	4.5256375e-03
si29	29	1.4178624e-07	3.8559647e-06	3.7141784e-06	2.4444916e-06	2.3546061e-06	1.6270283e-02
si30	30	2.8263339e-07	2.8155111e-06	2.5328777e-06	1.7848952e-06	1.6057196e-06	4.5943022e-02
p31	31	3.2295831e-07	9.3713840e-07	6.1418009e-07	5.9409956e-07	3.8935991e-07	1.8350800e-01
p32	32	7.4896570e-33	7.4896570e-33	0.0000000e+00	4.7480734e-33	0.0000000e+00	0.0000000e+00
p33	33	3.4091586e-32	3.4091586e-32	0.0000000e+00	2.1612385e-32	0.0000000e+00	0.0000000e+00
s32	32	-2.8493110e-07	3.3558282e-05	3.3843213e-05	2.1274297e-05	2.1454929e-05	-3.6718694e-03
s33	33	2.1232589e-08	3.0065077e-07	2.7941818e-07	1.9059777e-07	1.7713736e-07	3.1807660e-02
s34	34	9.0852001e-08	1.7158991e-06	1.6250471e-06	1.0877955e-06	1.0301998e-06	2.3625793e-02
s35	35	1.6361092e-27	1.6361092e-27	0.0000000e+00	1.0372126e-27	0.0000000e+00	0.0000000e+00
s36	36	1.4313167e-08	2.2334861e-08	8.0216938e-09	1.4159201e-08	5.0853586e-09	4.4471716e-01
cl35	35	-8.5719762e-09	3.3860636e-07	3.4717834e-07	2.1465974e-07	2.2009395e-07	-1.0857506e-02
cl36	36	0.0000000e+00	0.0000000e+00	0.0000000e+00	0.0000000e+00	0.0000000e+00	0.0000000e+00
cl37	37	7.1223780e-08	1.8852403e-07	1.1730025e-07	1.1951494e-07	7.4362578e-08	2.0606778e-01
ar36	36	-1.7549589e-07	6.2894846e-06	6.4649805e-06	3.9872233e-06	4.0984790e-06	-1.1952160e-02
ar37	37	6.5544354e-27	6.5544354e-27	0.0000000e+00	4.1551890e-27	0.0000000e+00	0.0000000e+00
ar38	38	6.5199477e-08	1.3059497e-06	1.2407502e-06	8.2790772e-07	7.8657446e-07	2.2242089e-02
ar39	39	0.0000000e+00	0.0000000e+00	0.0000000e+00	0.0000000e+00	0.0000000e+00	0.0000000e+00
ar40	40	1.0634735e-08	1.2723646e-08	2.0889106e-09	8.0661644e-09	1.3242664e-09	7.8469171e-01
k39	39	7.1786301e-09	3.4376117e-07	3.3658254e-07	2.1792764e-07	2.1337675e-07	9.1652354e-03
k40	40	3.3426247e-09	3.3971148e-09	5.4490019e-11	2.1536033e-09	3.4543986e-11	1.7947933e+00
k41	41	9.5553471e-09	3.5090713e-08	2.5535365e-08	2.2245782e-08	1.6188163e-08	1.3805011e-01
ca40	40	-1.3563031e-07	5.6919505e-06	5.8275808e-06	3.6084161e-06	3.6943990e-06	-1.0227190e-02
ca41	41	0.0000000e+00	0.0000000e+00	0.0000000e+00	0.0000000e+00	0.0000000e+00	0.0000000e+00
ca42	42	8.0812429e-09	4.8920685e-08	4.0839442e-08	3.1013303e-08	2.5890194e-08	7.8412729e-02
ca43	43	1.7836054e-09	1.0507721e-08	8.7241153e-09	6.6613770e-09	5.5306591e-09	8.0787122e-02
ca44	44	4.0288493e-09	1.4197098e-07	1.3794213e-07	9.0002605e-08	8.7448513e-08	1.2502650e-02
ca45	45	7.7834425e-28	7.7834425e-28	0.0000000e+00	4.9343189e-28	0.0000000e+00	0.0000000e+00
ca46	46	5.1054314e-09	5.3819656e-09	2.7653414e-10	3.4119009e-09	1.7530902e-10	1.2891922e+00
ca47	47	3.5258823e-38	3.5258823e-38	0.0000000e+00	2.2352356e-38	0.0000000e+00	0.0000000e+00
ca48	48	-9.1113425e-11	1.3398891e-08	1.3490004e-08	8.4942363e-09	8.5519978e-09	-2.9432381e-03
sc45	45	2.0652519e-09	5.9569416e-09	3.8916897e-09	3.7764074e-09	2.4671394e-09	1.8488514e-01
sc46	46	8.1890367e-29	8.1890367e-29	0.0000000e+00	5.1914457e-29	0.0000000e+00	0.0000000e+00
sc47	47	9.7198437e-38	9.7198437e-38	0.0000000e+00	6.1619019e-38	0.0000000e+00	0.0000000e+00
sc48	48	-1.6522646e-32	2.4379486e-30	2.4544712e-30	1.5455392e-30	1.5560138e-30	-2.9334037e-03
ti46	46	1.9773440e-10	2.3973982e-08	2.3776248e-08	1.5198323e-08	1.5072970e-08	3.5968601e-03
ti47	47	-2.2899746e-10	2.1678852e-08	2.1907849e-08	1.3743324e-08	1.3888497e-08	-4.5634675e-03
ti48	48	-9.3441397e-09	2.1235128e-07	2.2169542e-07	1.3462025e-07	1.4054397e-07	-1.8701837e-02
ti49	49	8.0741859e-09	2.4682403e-08	1.6608217e-08	1.5647427e-08	1.0528791e-08	1.7206442e-01
ti50	50	2.5990707e-08	4.2217516e-08	1.6226809e-08	2.6763825e-08	1.0286997e-08	4.1525954e-01
v51	51	-7.2126874e-10	3.5039956e-08	3.5761225e-08	2.2213605e-08	2.2670854e-08	-8.8488319e-03
cr52	52	-2.9276657e-08	1.4366792e-06	1.4659558e-06	9.1078378e-07	9.2934374e-07	-8.7610892e-03
cr53	53	-2.4247972e-09	1.6699885e-07	1.6942365e-07	1.0586904e-07	1.0740624e-07	-6.2605459e-03
cr54	54	2.5976347e-08	6.8945165e-08	4.2968818e-08	4.3707837e-08	2.7240113e-08	2.0535040e-01
mn55	55	5.1460466e-08	1.3317121e-06	1.2802517e-06	8.4423986e-07	8.1161647e-07	1.7115006e-02
fe54	54	-4.4686137e-07	7.9888080e-06	8.4356694e-06	5.0645105e-06	5.3477986e-06	-2.3637566e-02
fe55	55	5.6364797e-23	5.6364797e-23	0.0000000e+00	3.5732504e-23	0.0000000e+00	0.0000000e+00
fe56	56	-3.6371581e-06	1.3368242e-04	1.3731958e-04	8.4748069e-05	8.7053848e-05	-1.1658161e-02
fe57	57	1.0771062e-06	4.3050789e-06	3.2279727e-06	2.7292078e-06	2.0463756e-06	1.2505127e-01
fe58	58	1.4149947e-06	1.8521205e-06	4.3712579e-07	1.1741531e-06	2.7711621e-07	6.2706280e-01
fe59	59	1.9593330e-27	1.9593330e-27	0.0000000e+00	1.2421206e-27	0.0000000e+00	0.0000000e+00
fe60	60	0.0000000e+00	0.0000000e+00	0.0000000e+00	0.0000000e+00	0.0000000e+00	0.0000000e+00
co59	59	2.8854364e-07	6.2565768e-07	3.3711403e-07	3.9663613e-07	2.1371368e-07	2.6855995e-01
co60	60	0.0000000e+00	0.0000000e+00	0.0000000e+00	0.0000000e+00	0.0000000e+00	0.0000000e+00
ni58	58	-2.6433221e-07	4.5590680e-06	4.8234002e-06	2.8902244e-06	3.0577980e-06	-2.4477228e-02
ni59	59	0.0000000e+00	0.0000000e+00	0.0000000e+00	0.0000000e+00	0.0000000e+00	0.0000000e+00
ni60	60	1.5071541e-07	2.0727571e-06	1.9220417e-06	1.3140258e-06	1.2184797e-06	3.2785609e-02
ni61	61	8.9676400e-08	1.7462115e-07	8.4944752e-08	1.1070120e-07	5.3850787e-08	3.1296030e-01
ni62	62	2.1754728e-07	4.9281994e-07	2.7527266e-07	3.1242355e-07	1.7450930e-07	2.5292519e-01
ni63	63	0.0000000e+00	0.0000000e+00	0.0000000e+00	0.0000000e+00	0.0000000e+00	0.0000000e+00
ni64	64	1.2183155e-07	1.9419552e-07	7.2363969e-08	1.2311039e-07	4.5875190e-08	4.2871683e-01
cu63	63	4.2854351e-08	1.0258378e-07	5.9729426e-08	6.5033059e-08	3.7865512e-08	2.3489034e-01
cu64	64	0.0000000e+00	0.0000000e+00	0.0000000e+00	0.0000000e+00	0.0000000e+00	0.0000000e+00
cu65	65	3.1364887e-08	5.8832420e-08	2.7467532e-08	3.7296855e-08	1.7413062e-08	3.3079706e-01
zn64	64	2.8469172e-10	1.0261860e-07	1.0233391e-07	6.5055137e-08	6.4874656e-08	1.2065246e-03
zn65	65	6.4188015e-26	6.4188015e-26	0.0000000e+00	4.0692038e-26	0.0000000e+00	0.0000000e+00
zn66	66	3.2619975e-08	9.3164919e-08	6.0544944e-08	5.9061967e-08	3.8382511e-08	1.8717453e-01
zn67	67	7.4508759e-09	1.6482838e-08	9.0319617e-09	1.0449307e-08	5.7258186e-09	2.6124989e-01
zn68	68	4.3237265e-08	8.5158831e-08	4.1921566e-08	5.3986502e-08	2.6576207e-08	3.0779219e-01
zn69	69	0.0000000e+00	0.0000000e+00	0.0000000e+00	0.0000000e+00	0.0000000e+00	0.0000000e+00
zn70	70	1.2975047e-10	1.5567276e-09	1.4269771e-09	9.8688857e-10	9.0463317e-10	3.7795613e-02
ga69	69	6.3879723e-09	1.0231302e-08	3.8433296e-09	6.4861412e-09	2.4364816e-09	4.2522327e-01
ga70	70	0.0000000e+00	0.0000000e+00	0.0000000e+00	0.0000000e+00	0.0000000e+00	0.0000000e+00
ga71	71	6.0849368e-09	8.7096018e-09	2.6246650e-09	5.5214583e-09	1.6639083e-09	5.2092441e-01
ge70	70	1.0311112e-08	1.4586007e-08	4.2748951e-09	9.2468094e-09	2.7100728e-09	5.3301095e-01
ge71	71	6.2928356e-32	6.2928356e-32	0.0000000e+00	3.9893477e-32	0.0000000e+00	0.0000000e+00
ge72	72	1.1649148e-08	1.7459794e-08	5.8106459e-09	1.1068649e-08	3.6836631e-09	4.7781469e-01
ge73	73	3.5222920e-09	5.1758587e-09	1.6535667e-09	3.2812393e-09	1.0482798e-09	4.9556070e-01
ge74	74	1.6303349e-08	2.4170835e-08	7.8674863e-09	1.5323118e-08	4.9875986e-09	4.8745566e-01
as75	75	1.4723810e-09	2.6257827e-09	1.1534018e-09	1.6646168e-09	7.3119987e-10	3.5727818e-01
se76	76	5.4275212e-09	6.6283504e-09	1.2008292e-09	4.2020475e-09	7.6126654e-10	7.4192421e-01
se77	77	2.1268756e-09	3.1175885e-09	9.9071293e-10	1.9763975e-09	6.2806317e-10	4.9787096e-01
se78	78	1.4711890e-08	1.7838366e-08	3.1264758e-09	1.1308645e-08	1.9820316e-09	7.5630000e-01
se79	79	0.0000000e+00	0.0000000e+00	0.0000000e+00	0.0000000e+00	0.0000000e+00	0.0000000e+00
se80	80	1.9538873e-08	2.6231379e-08	6.6925060e-09	1.6629401e-08	4.2427190e-09	5.9323235e-01
br79	79	3.2941068e-09	4.3643033e-09	1.0701966e-09	2.7667532e-09	6.7845187e-10	6.1045138e-01
br80	80	0.0000000e+00	0.0000000e+00	0.0000000e+00	0.0000000e+00	0.0000000e+00	0.0000000e+00
br81	81	2.6224276e-09	3.6899047e-09	1.0674771e-09	2.3392177e-09	6.7672787e-10	5.3865658e-01
kr80	80	-1.4222606e-11	2.4082975e-10	2.5505236e-10	1.5267419e-10	1.6169062e-10	-2.4919205e-02
kr81	81	5.9812091e-13	5.9812091e-13	0.0000000e+00	3.7917918e-13	0.0000000e+00	0.0000000e+00
kr82	82	1.0159459e-08	1.1469404e-08	1.3099459e-09	7.2710372e-09	8.3044114e-10	9.4228751e-01
kr83	83	3.5530646e-09	4.8665913e-09	1.3135267e-09	3.0851790e-09	8.3271119e-10	5.6878597e-01
kr84	84	2.6919680e-08	3.3471216e-08	6.5515364e-09	2.1219102e-08	4.1533512e-09	7.0832834e-01
kr-5	85	1.5952138e-17	1.5952138e-17	0.0000000e+00	1.0112869e-17	0.0000000e+00	0.0000000e+00
kr*5	85	0.0000000e+00	0.0000000e+00	0.0000000e+00	0.0000000e+00	0.0000000e+00	0.0000000e+00
kr86	86	2.9918837e-08	3.1947274e-08	2.0284370e-09	2.0252997e-08	1.2859291e-09	1.1972723e+00
rb85	85	7.6520028e-09	9.1889148e-09	1.5369120e-09	5.8253191e-09	9.7432644e-10	7.7661523e-01
rb86	86	0.0000000e+00	0.0000000e+00	0.0000000e+00	0.0000000e+00	0.0000000e+00	0.0000000e+00
rb87	87	6.3575129e-09	7.0049126e-09	6.4739971e-10	4.4407694e-09	4.1041951e-10	1.0342302e+00
sr86	86	6.8516526e-09	7.3478414e-09	4.9618882e-10	4.6581693e-09	3.1455926e-10	1.1705128e+00
sr87	87	4.6489230e-09	4.9997129e-09	3.5078997e-10	3.1695716e-09	2.2238355e-10	1.1538979e+00
sr88	88	1.1352184e-07	1.1777587e-07	4.2540332e-09	7.4664099e-08	2.6968474e-09	1.4422555e+00
sr89	89	2.3853549e-29	2.3853549e-29	0.0000000e+00	1.5121974e-29	0.0000000e+00	0.0000000e+00
sr90	90	2.2767965e-15	2.2767965e-15	0.0000000e+00	1.4433768e-15	0.0000000e+00	0.0000000e+00
y89	89	3.3636853e-08	3.4749393e-08	1.1125395e-09	2.2029403e-08	7.0529521e-10	1.4946318e+00
y90	90	5.7578428e-19	5.7578428e-19	0.0000000e+00	3.6501886e-19	0.0000000e+00	0.0000000e+00
y91	91	2.5868623e-33	2.5868623e-33	0.0000000e+00	1.6399432e-33	0.0000000e+00	0.0000000e+00
zr90	90	3.5720022e-08	3.6929390e-08	1.2093682e-09	2.3411413e-08	7.6667984e-10	1.4848136e+00
zr91	91	1.1101940e-08	1.1368607e-08	2.6666693e-10	7.2071367e-09	1.6905369e-10	1.6297381e+00
zr92	92	1.9992360e-08	2.0404438e-08	4.1207777e-10	1.2935408e-08	2.6123700e-10	1.6947454e+00
zr93	93	0.0000000e+00	0.0000000e+00	0.0000000e+00	0.0000000e+00	0.0000000e+00	0.0000000e+00
zr94	94	2.3042071e-08	2.3468752e-08	4.2668040e-10	1.4878032e-08	2.7049434e-10	1.7403873e+00
zr95	95	2.0713319e-28	2.0713319e-28	0.0000000e+00	1.3131223e-28	0.0000000e+00	0.0000000e+00
zr96	96	5.8104854e-09	5.8806890e-09	7.0203552e-11	3.7280670e-09	4.4505592e-11	1.9230691e+00
nb93	93	6.0529526e-09	6.2372066e-09	1.8425404e-10	3.9540816e-09	1.1680798e-10	1.5295731e+00
nb94	94	9.0377544e-15	9.0377544e-15	0.0000000e+00	5.7294909e-15	0.0000000e+00	0.0000000e+00
nb95	95	2.3081530e-28	2.3081530e-28	0.0000000e+00	1.4632553e-28	0.0000000e+00	0.0000000e+00
mo94	94	-1.9721397e-12	5.5774629e-11	5.7746769e-11	3.5358366e-11	3.6608605e-11	-1.5090997e-02
mo95	95	3.0081388e-09	3.1091503e-09	1.0101151e-10	1.9710481e-09	6.4036317e-11	1.4882709e+00
mo96	96	4.6932101e-09	4.8006556e-09	1.0744555e-10	3.0433791e-09	6.8115185e-11	1.6501121e+00
mo97	97	1.4803999e-09	1.5429070e-09	6.2507115e-11	9.7812698e-10	3.9626430e-11	1.3924103e+00
mo98	98	4.8865356e-09	5.0470063e-09	1.6047069e-10	3.1995533e-09	1.0173051e-10	1.4976381e+00
tc99	99	0.0000000e+00	0.0000000e+00	0.0000000e+00	0.0000000e+00	0.0000000e+00	0.0000000e+00
ru99	99	6.1741803e-10	6.7344742e-10	5.6029392e-11	4.2693247e-10	3.5519873e-11	1.0798878e+00
ru100	100	2.4797278e-09	2.5356133e-09	5.5885510e-11	1.6074539e-09	3.5428659e-11	1.6567838e+00
ru101	101	5.3486287e-10	6.1128681e-10	7.6423946e-11	3.8752571e-10	4.8449015e-11	9.0301557e-01
ru102	102	3.7249323e-09	3.8676683e-09	1.4273599e-10	2.4519111e-09	9.0487580e-11	1.4329157e+00
rh103	103	6.2614425e-10	7.1729602e-10	9.1151776e-11	4.5473033e-10	5.7785734e-11	8.9593329e-01
pd104	104	2.1283768e-09	2.1682652e-09	3.9888351e-11	1.3745733e-09	2.5287248e-11	1.7352663e+00
pd105	105	5.3654889e-10	6.1727376e-10	8.0724868e-11	3.9132114e-10	5.1175588e-11	8.8347047e-01
pd106	106	2.5453233e-09	2.6450647e-09	9.9741356e-11	1.6768407e-09	6.3231104e-11	1.4235610e+00
pd107	107	0.0000000e+00	0.0000000e+00	0.0000000e+00	0.0000000e+00	0.0000000e+00	0.0000000e+00
pd108	108	3.3337575e-09	3.4321451e-09	9.8387560e-11	2.1758108e-09	6.2372864e-11	1.5426254e+00
ag107	107	5.0096450e-10	5.6872404e-10	6.7759541e-11	3.6054301e-10	4.2956209e-11	9.2393113e-01
ag108	108	0.0000000e+00	0.0000000e+00	0.0000000e+00	0.0000000e+00	0.0000000e+00	0.0000000e+00
ag109	109	8.3471059e-10	8.9883874e-10	6.4128146e-11	5.6981946e-10	4.0654084e-11	1.1466331e+00
cd108	108	-1.1498818e-13	3.6846123e-12	3.7996004e-12	2.3358626e-12	2.4087594e-12	-1.3346137e-02
cd109	109	2.9498739e-29	2.9498739e-29	0.0000000e+00	1.8700746e-29	0.0000000e+00	0.0000000e+00
cd110	110	2.9580988e-09	3.0124090e-09	5.4310202e-11	1.9097189e-09	3.4429991e-11	1.7440325e+00
cd111	111	9.8102118e-10	1.0371850e-09	5.6163820e-11	6.5752417e-10	3.5605094e-11	1.2663996e+00
cd112	112	3.8624521e-09	3.9692844e-09	1.0683226e-10	2.5163307e-09	6.7726387e-11	1.5700098e+00
cd113	113	1.1386617e-09	1.1932469e-09	5.4585250e-11	7.5645973e-10	3.4604358e-11	1.3396550e+00
cd114	114	5.7914012e-09	5.9208749e-09	1.2947376e-10	3.7535429e-09	8.2079983e-11	1.6602041e+00
in115	115	1.1109729e-09	1.1597918e-09	4.8818924e-11	7.3525087e-10	3.0948792e-11	1.3757918e+00
sn116	116	8.3436837e-09	8.4964228e-09	1.5273908e-10	5.3863133e-09	9.6829047e-11	1.7452860e+00
sn117	117	2.4168804e-09	2.4982528e-09	8.1372362e-11	1.5837691e-09	5.1586068e-11	1.4871595e+00
sn118	118	1.2132680e-08	1.2380809e-08	2.4812944e-10	7.8488228e-09	1.5730184e-10	1.6980707e+00
sn119	119	3.4875205e-09	3.5800899e-09	9.2569401e-11	2.2696005e-09	5.8684438e-11	1.5874265e+00
sn120	120	1.9798600e-08	2.0152646e-08	3.5404639e-10	1.2775785e-08	2.2444796e-10	1.7552719e+00
sb121	121	1.4072691e-09	1.4618684e-09	5.4599280e-11	9.2675254e-10	3.4613253e-11	1.4277214e+00
te122	122	2.4560112e-09	2.4923049e-09	3.6293646e-11	1.5799985e-09	2.3008383e-11	1.8367706e+00
te123	123	9.0140565e-10	9.1417665e-10	1.2771003e-11	5.7954294e-10	8.0961863e-12	1.8548051e+00
te124	124	4.7643803e-09	4.8329494e-09	6.8569098e-11	3.0638517e-09	4.3469429e-11	1.8480838e+00
te125	125	1.5988886e-09	1.7019881e-09	1.0309947e-10	1.0789766e-09	6.5359982e-11	1.2177001e+00
te126	126	9.3026580e-09	9.5795880e-09	2.7692998e-10	6.0729867e-09	1.7555996e-10	1.5389769e+00
i127	127	1.2030585e-09	1.5503790e-09	3.4732050e-10	9.8286390e-10	2.2018408e-10	6.4970747e-01
xe128	128	2.9819003e-09	3.0194136e-09	3.7513233e-11	1.9141594e-09	2.3781541e-11	1.9057381e+00
xe129	129	1.1332356e-09	1.6041696e-09	4.7093398e-10	1.0169644e-09	2.9854893e-10	5.3229025e-01
xe130	130	6.1250052e-09	6.2012039e-09	7.6198755e-11	3.9312577e-09	4.8306255e-11	1.9105281e+00
xe131	131	2.3433319e-09	2.7239777e-09	3.8064579e-10	1.7268676e-09	2.4131067e-10	8.5468252e-01
xe132	132	1.2714632e-08	1.3183414e-08	4.6878210e-10	8.3576345e-09	2.9718475e-10	1.4490569e+00
xe133	133	8.5058767e-36	8.5058767e-36	0.0000000e+00	5.3923067e-36	0.0000000e+00	0.0000000e+00
xe134	134	2.3468887e-09	2.5226100e-09	1.7572130e-10	1.5992104e-09	1.1139864e-10	1.1570257e+00
cs133	133	1.7217736e-09	1.8450215e-09	1.2324783e-10	1.1696527e-09	7.8133050e-11	1.1752221e+00
cs134	134	5.7048994e-26	5.7048994e-26	0.0000000e+00	3.6166250e-26	0.0000000e+00	0.0000000e+00
cs135	135	0.0000000e+00	0.0000000e+00	0.0000000e+00	0.0000000e+00	0.0000000e+00	0.0000000e+00
cs136	136	3.6284012e-32	3.6284012e-32	0.0000000e+00	2.3002276e-32	0.0000000e+00	0.0000000e+00
cs137	137	0.0000000e+00	0.0000000e+00	0.0000000e+00	0.0000000e+00	0.0000000e+00	0.0000000e+00
ba134	134	1.7964384e-09	1.8342220e-09	3.7783601e-11	1.1628064e-09	2.3952941e-11	1.6861486e+00
ba135	135	4.8744731e-09	4.9782920e-09	1.0381894e-10	3.1559918e-09	6.5816088e-11	1.6808038e+00
ba136	136	1.2095698e-08	1.2220310e-08	1.2461197e-10	7.7470742e-09	7.8997847e-11	1.9915225e+00
ba137	137	1.2515014e-08	1.2694525e-08	1.7951128e-10	8.0477034e-09	1.1380131e-10	1.8495247e+00
ba138	138	1.7105570e-07	1.7220999e-07	1.1542831e-09	1.0917264e-07	7.3175861e-10	2.1737460e+00
la139	139	2.0721669e-08	2.0879990e-08	1.5832026e-10	1.3236884e-08	1.0036724e-10	2.1201938e+00
ce140	140	6.6737392e-08	6.7100258e-08	3.6286515e-10	4.2538256e-08	2.3003862e-10	2.2669789e+00
ce141	141	3.6888019e-30	3.6888019e-30	0.0000000e+00	2.3385186e-30	0.0000000e+00	0.0000000e+00
ce142	142	3.5333349e-09	3.5795818e-09	4.6246910e-11	2.2692785e-09	2.9318261e-11	1.8887496e+00
pr141	141	6.7790563e-09	6.8415948e-09	6.2538573e-11	4.3372339e-09	3.9646373e-11	2.0390094e+00
nd142	142	1.6972402e-08	1.7055826e-08	8.3423630e-11	1.0812553e-08	5.2886470e-11	2.3105837e+00
nd143	143	2.6992472e-09	2.7365955e-09	3.7348301e-11	1.7348667e-09	2.3676982e-11	1.8649398e+00
nd144	144	8.4989750e-09	8.5732036e-09	7.4228590e-11	5.4349885e-09	4.7057268e-11	2.0625719e+00
nd145	145	1.5793050e-09	1.6069075e-09	2.7602454e-11	1.0187001e-09	1.7498596e-11	1.7650432e+00
nd146	146	7.8821297e-09	7.9364594e-09	5.4329723e-11	5.0313241e-09	3.4442367e-11	2.1645893e+00
nd147	147	5.5449157e-33	5.5449157e-33	0.0000000e+00	3.5152033e-33	0.0000000e+00	0.0000000e+00
nd148	148	1.3903967e-09	1.4087744e-09	1.8377702e-11	8.9309351e-10	1.1650557e-11	1.8845502e+00
pm147	147	1.0973365e-25	1.0973365e-25	0.0000000e+00	6.9565728e-26	0.0000000e+00	0.0000000e+00
pm148	148	0.0000000e+00	0.0000000e+00	0.0000000e+00	0.0000000e+00	0.0000000e+00	0.0000000e+00
sm147	147	9.1134750e-10	9.2614015e-10	1.4792654e-11	5.8712721e-10	9.3778138e-12	1.7966306e+00
sm148	148	1.8696635e-09	1.8808310e-09	1.1167473e-11	1.1923542e-09	7.0796277e-12	2.2263949e+00
sm149	149	3.5293050e-10	3.6675410e-10	1.3823602e-11	2.3250403e-10	8.7634824e-12	1.4237538e+00
sm150	150	1.7241231e-09	1.7315546e-09	7.4314906e-12	1.0977203e-09	4.7111988e-12	2.3673603e+00
sm151	151	1.7926359e-14	1.7926359e-14	0.0000000e+00	1.1364428e-14	0.0000000e+00	0.0000000e+00
sm152	152	1.5693848e-09	1.5966798e-09	2.7294985e-11	1.0122163e-09	1.7303675e-11	1.7671350e+00
eu151	151	2.5404594e-10	2.7205143e-10	1.8005485e-11	1.7246720e-10	1.1414590e-11	1.1792462e+00
eu152	152	1.6725818e-20	1.6725818e-20	0.0000000e+00	1.0603344e-20	0.0000000e+00	0.0000000e+00
eu153	153	2.9230198e-10	3.1221766e-10	1.9915677e-11	1.9793061e-10	1.2625557e-11	1.1952624e+00
eu154	154	8.6185651e-20	8.6185651e-20	0.0000000e+00	5.4637455e-20	0.0000000e+00	0.0000000e+00
eu155	155	5.0078570e-22	5.0078570e-22	0.0000000e+00	3.1747345e-22	0.0000000e+00	0.0000000e+00
gd152	152	6.9302112e-13	9.5593277e-13	2.6291165e-13	6.0601427e-13	1.6667303e-13	5.6061751e-01
gd153	153	2.0387712e-29	2.0387712e-29	0.0000000e+00	1.2924805e-29	0.0000000e+00	0.0000000e+00
gd154	154	2.0601799e-10	2.0892139e-10	2.9033922e-12	1.3244586e-10	1.8406075e-12	1.8570772e+00
gd155	155	4.5902995e-10	4.7886856e-10	1.9838604e-11	3.0357907e-10	1.2576697e-11	1.3827052e+00
gd156	156	1.2329823e-09	1.2605986e-09	2.7616273e-11	7.9915737e-10	1.7507356e-11	1.6594117e+00
gd157	157	5.6541523e-10	5.8666388e-10	2.1248650e-11	3.7191599e-10	1.3470597e-11	1.4410580e+00
gd158	158	2.3061315e-09	2.3400734e-09	3.3941893e-11	1.4834912e-09	2.1517488e-11	1.8384934e+00
tb159	159	5.0305373e-10	5.2865789e-10	2.5604160e-11	3.3514305e-10	1.6231776e-11	1.3148642e+00
dy160	160	8.3263281e-10	8.3650726e-10	3.8744539e-12	5.3030438e-10	2.4562128e-12	2.3342592e+00
dy161	161	3.6793505e-10	3.9955512e-10	3.1620072e-11	2.5329826e-10	2.0045567e-11	1.1016138e+00
dy162	162	1.5957140e-09	1.6386244e-09	4.2910329e-11	1.0388071e-09	2.7203034e-11	1.5819176e+00
dy163	163	6.6978541e-10	7.1197843e-10	4.2193017e-11	4.5135923e-10	2.6748293e-11	1.2272263e+00
dy164	164	3.2373195e-09	3.2855075e-09	4.8188004e-11	2.0828499e-09	3.0548820e-11	1.8336635e+00
ho165	165	6.0173969e-10	6.3927272e-10	3.7533034e-11	4.0526740e-10	2.3794094e-11	1.2312725e+00
er166	166	1.3769589e-09	1.4126142e-09	3.5655233e-11	8.9552777e-10	2.2603661e-11	1.5979003e+00
er167	167	5.5508288e-10	5.7956757e-10	2.4484695e-11	3.6741728e-10	1.5522090e-11	1.3742094e+00
er168	168	2.1806431e-09	2.2096999e-09	2.9056889e-11	1.4008409e-09	1.8420636e-11	1.8810842e+00
er169	169	1.3713030e-33	1.3713030e-33	0.0000000e+00	8.6933852e-34	0.0000000e+00	0.0000000e+00
er170	170	1.0290348e-09	1.0452849e-09	1.6250114e-11	6.6265912e-10	1.0301771e-11	1.8083783e+00
tm169	169	5.3253777e-10	5.4970957e-10	1.7171802e-11	3.4848878e-10	1.0886076e-11	1.5053174e+00
tm170	170	1.2318661e-27	1.2318661e-27	0.0000000e+00	7.8094241e-28	0.0000000e+00	0.0000000e+00
tm171	171	1.4352393e-26	1.4352393e-26	0.0000000e+00	9.0987097e-27	0.0000000e+00	0.0000000e+00
yb170	170	7.4954240e-10	7.5279017e-10	3.2477700e-12	4.7723187e-10	2.0589261e-12	2.3650887e+00
yb171	171	1.0570117e-09	1.0724584e-09	1.5446759e-11	6.7988579e-10	9.7924838e-12	1.8415431e+00
yb172	172	2.9787387e-09	3.0026560e-09	2.3917269e-11	1.9035359e-09	1.5162370e-11	2.0987940e+00
yb173	173	1.3150424e-09	1.3328990e-09	1.7856584e-11	8.4499225e-10	1.1320194e-11	1.8729988e+00
yb174	174	5.5438208e-09	5.5795512e-09	3.5730403e-11	3.5371605e-09	2.2651315e-11	2.1935613e+00
lu175	175	7.1409897e-10	7.3022543e-10	1.6126460e-11	4.6292693e-10	1.0223381e-11	1.6559179e+00
lu176	176	5.3122575e-10	5.3169647e-10	4.7072083e-13	3.3706936e-10	2.9841381e-13	3.0529004e+00
lu177	177	7.6405048e-35	7.6405048e-35	0.0000000e+00	4.8437035e-35	0.0000000e+00	0.0000000e+00
hf176	176	-2.7026705e-13	3.3516162e-12	3.6218832e-12	2.1247595e-12	2.2960955e-12	-3.3680166e-02
hf177	177	5.6748672e-10	5.8050496e-10	1.3018233e-11	3.6801153e-10	8.2529183e-12	1.6492539e+00
hf178	178	2.6614081e-09	2.6806153e-09	1.9207146e-11	1.6993780e-09	1.2176384e-11	2.1447716e+00
hf179	179	9.2482254e-10	9.3446633e-10	9.6437843e-12	5.9240560e-10	6.1136840e-12	1.9863162e+00
hf180	180	5.3588386e-09	5.3838134e-09	2.4974807e-11	3.4130724e-09	1.5832797e-11	2.3335879e+00
ta181	181	1.0728630e-09	1.0834446e-09	1.0581612e-11	6.8685047e-10	6.7082204e-12	2.0102549e+00
ta182	182	1.2226014e-29	1.2226014e-29	0.0000000e+00	7.7506906e-30	0.0000000e+00	0.0000000e+00
ta183	183	0.0000000e+00	0.0000000e+00	0.0000000e+00	0.0000000e+00	0.0000000e+00	0.0000000e+00
w182	182	2.1153517e-09	2.1319569e-09	1.6605198e-11	1.3515556e-09	1.0526877e-11	2.1085344e+00
w183	183	1.1697337e-09	1.1787497e-09	9.0159987e-12	7.4726924e-10	5.7156988e-12	2.1164078e+00
w184	184	3.6110362e-09	3.6304458e-09	1.9409538e-11	2.3015237e-09	1.2304691e-11	2.2719447e+00
w185	185	1.9856215e-28	1.9856215e-28	0.0000000e+00	1.2587862e-28	0.0000000e+00	0.0000000e+00
w186	186	3.4699546e-09	3.4881607e-09	1.8206136e-11	2.2113220e-09	1.1541793e-11	2.2823787e+00
re185	185	6.8053059e-10	6.8978403e-10	9.2534406e-12	4.3728908e-10	5.8662253e-12	1.8724099e+00
re186	186	1.5974061e-37	1.5974061e-37	0.0000000e+00	1.0126767e-37	0.0000000e+00	0.0000000e+00
re187	187	5.8650055e-10	6.0337531e-10	1.6874764e-11	3.8251021e-10	1.0697768e-11	1.5533498e+00
os186	186	1.3604525e-09	1.3655813e-09	5.1287951e-12	8.6571125e-10	3.2514033e-12	2.4253022e+00
os187	187	3.8412364e-10	3.8822478e-10	4.1011433e-12	2.4611538e-10	2.5999227e-12	1.9761783e+00
os188	188	2.6877147e-09	2.7309798e-09	4.3265096e-11	1.7313066e-09	2.7427939e-11	1.8001808e+00
os189	189	7.1345536e-10	7.6648678e-10	5.3031426e-11	4.8591485e-10	3.3619311e-11	1.1599714e+00
os190	190	3.3316525e-09	3.4183500e-09	8.6697467e-11	2.1670654e-09	5.4961921e-11	1.5958101e+00
os191	191	1.5234495e-31	1.5234495e-31	0.0000000e+00	9.6579190e-32	0.0000000e+00	0.0000000e+00
os192	192	9.7659082e-10	1.1126589e-09	1.3606809e-10	7.0537091e-10	8.6260462e-11	9.1260577e-01
ir191	191	7.0673637e-10	8.2146376e-10	1.1472739e-10	5.2076754e-10	7.2731509e-11	8.5492131e-01
ir192	192	9.7812201e-28	9.7812201e-28	0.0000000e+00	6.2008115e-28	0.0000000e+00	0.0000000e+00
ir193	193	8.5336826e-10	1.0482423e-09	1.9487407e-10	6.6453398e-10	1.2354056e-10	7.3070764e-01
pt192	192	9.7602840e-10	9.8085280e-10	4.8243992e-12	6.2181234e-10	3.0584314e-12	2.3081606e+00
pt193	193	3.4707144e-15	3.4707144e-15	0.0000000e+00	2.2002619e-15	0.0000000e+00	0.0000000e+00
pt194	194	2.8957112e-09	3.1012121e-09	2.0550090e-10	1.9660157e-09	1.3027744e-10	1.1787178e+00
pt195	195	1.1609350e-09	1.3729089e-09	2.1197384e-10	8.7035656e-10	1.3438097e-10	8.1135945e-01
pt196	196	4.8768126e-09	5.0357807e-09	1.5896812e-10	3.1924368e-09	1.0077795e-10	1.5007568e+00
au197	197	1.5578638e-09	1.6536700e-09	9.5806186e-11	1.0483453e-09	6.0736400e-11	1.2370553e+00
hg198	198	5.5298188e-09	5.5523250e-09	2.2506288e-11	3.5199004e-09	1.4267877e-11	2.3921710e+00
hg199	199	2.4408254e-09	2.4790987e-09	3.8273324e-11	1.5716264e-09	2.4263401e-11	1.8113976e+00
hg200	200	8.3126985e-09	8.3653693e-09	5.2670750e-11	5.3032318e-09	3.3390660e-11	2.2009156e+00
hg201	201	3.4217874e-09	3.4519905e-09	3.0203068e-11	2.1883918e-09	1.9147256e-11	2.0580185e+00
hg202	202	1.3795605e-08	1.3864371e-08	6.8766047e-11	8.7893278e-09	4.3594285e-11	2.3045261e+00
tl203	203	7.1623997e-09	7.1896008e-09	2.7201121e-11	4.5578526e-09	1.7244170e-11	2.4221180e+00
tl204	204	0.0000000e+00	0.0000000e+00	0.0000000e+00	0.0000000e+00	0.0000000e+00	0.0000000e+00
tl205	205	1.3160165e-08	1.3225738e-08	6.5572750e-11	8.3844659e-09	4.1569892e-11	2.3046965e+00
pb204	204	6.2697918e-09	6.3042213e-09	3.4429546e-11	3.9965656e-09	2.1826635e-11	2.2627002e+00
pb205	205	0.0000000e+00	0.0000000e+00	0.0000000e+00	0.0000000e+00	0.0000000e+00	0.0000000e+00
pb206	206	1.4087015e-07	1.4119367e-07	3.2351655e-10	8.9509825e-08	2.0509355e-10	2.6399187e+00
pb207	207	1.2693159e-07	1.2729134e-07	3.5974208e-10	8.0696434e-08	2.2805875e-10	2.5488076e+00
pb208	208	1.3793961e-06	1.3804308e-06	1.0346560e-09	8.7512509e-07	6.5592093e-10	3.1252186e+00
bi209	209	2.3137010e-08	2.3208968e-08	7.1957839e-11	1.4713342e-08	4.5617724e-11	2.5085777e+00
bi210	210	0.0000000e+00	0.0000000e+00	0.0000000e+00	0.0000000e+00	0.0000000e+00	0.0000000e+00
po210	210	0.0000000e+00	0.0000000e+00	0.0000000e+00	0.0000000e+00	0.0000000e+00	0.0000000e+00
