#  species  A   yield		mass(i)_lost	mass(i)_0	<X(i)>		X0(i)		log10(<X(i)>/X0(i))
n	1	0.0000000e+00	0.0000000e+00	0.0000000e+00	0.0000000e+00	0.0000000e+00	0.0000000e+00
p	1	-5.8175750e-01	3.1517763e+00	3.7335338e+00	6.3229100e-01	7.4899980e-01	-7.3564701e-02
d	2	-1.6205116e-05	2.6369473e-08	1.6231485e-05	5.2900900e-09	3.2562660e-06	-2.7892568e+00
he3	3	-1.0255802e-04	6.8491566e-07	1.0324293e-04	1.3740379e-07	2.0711995e-05	-2.1782232e+00
he4	4	5.4809444e-01	1.7942674e+00	1.2461730e+00	3.5995547e-01	2.4999996e-01	1.5830884e-01
li7	7	-2.8618462e-09	5.1821872e-12	2.8670284e-09	1.0396202e-12	5.7516654e-10	-2.7429189e+00
be7	7	1.2029049e-12	1.2029049e-12	0.0000000e+00	2.4131976e-13	0.0000000e+00	0.0000000e+00
b8	8	6.4877815e-28	6.4877815e-28	0.0000000e+00	1.3015409e-28	0.0000000e+00	0.0000000e+00
c12	12	1.3288990e-03	2.1823181e-03	8.5341907e-04	4.3780394e-04	1.7120796e-04	4.0775572e-01
c13	13	4.0763637e-04	4.1797342e-04	1.0337054e-05	8.3851392e-05	2.0737596e-06	1.6067519e+00
c14	14	9.3604014e-10	9.3604014e-10	0.0000000e+00	1.8778292e-10	0.0000000e+00	0.0000000e+00
n13	13	0.0000000e+00	0.0000000e+00	0.0000000e+00	0.0000000e+00	0.0000000e+00	0.0000000e+00
n14	14	3.2912394e-02	3.3164600e-02	2.5220545e-04	6.6532888e-03	5.0595987e-05	2.1189203e+00
n15	15	9.2526451e-07	1.5289605e-06	6.0369601e-07	3.0673115e-07	1.2110998e-07	4.0357796e-01
o14	14	0.0000000e+00	0.0000000e+00	0.0000000e+00	0.0000000e+00	0.0000000e+00	0.0000000e+00
o15	15	0.0000000e+00	0.0000000e+00	0.0000000e+00	0.0000000e+00	0.0000000e+00	0.0000000e+00
o16	16	-1.6031702e-03	4.8471108e-04	2.0878813e-03	9.7239912e-05	4.1885858e-04	-6.3422285e-01
o17	17	1.2761383e-06	2.1189034e-06	8.4276510e-07	4.2508205e-07	1.6907062e-07	4.0040461e-01
o18	18	-4.6945013e-06	1.4417049e-08	4.7089184e-06	2.8922644e-09	9.4467577e-07	-2.5140448e+00
o19	19	0.0000000e+00	0.0000000e+00	0.0000000e+00	0.0000000e+00	0.0000000e+00	0.0000000e+00
f17	17	0.0000000e+00	0.0000000e+00	0.0000000e+00	0.0000000e+00	0.0000000e+00	0.0000000e+00
f18	18	1.8437252e-41	1.8437252e-41	0.0000000e+00	3.6987741e-42	0.0000000e+00	0.0000000e+00
f19	19	-1.0153874e-07	2.0187757e-08	1.2172649e-07	4.0499501e-09	2.4420060e-08	-7.8029705e-01
f20	20	0.0000000e+00	0.0000000e+00	0.0000000e+00	0.0000000e+00	0.0000000e+00	0.0000000e+00
ne19	19	0.0000000e+00	0.0000000e+00	0.0000000e+00	0.0000000e+00	0.0000000e+00	0.0000000e+00
ne20	20	2.1556182e-05	4.4409851e-04	4.2254233e-04	8.9092456e-05	8.4767980e-05	2.1609095e-02
ne21	21	-9.2675336e-07	1.3678036e-07	1.0635337e-06	2.7440078e-08	2.1335994e-07	-8.9072753e-01
ne22	22	4.6321735e-04	4.9739353e-04	3.4176176e-05	9.9784191e-05	6.8562252e-06	1.1629767e+00
ne23	23	0.0000000e+00	0.0000000e+00	0.0000000e+00	0.0000000e+00	0.0000000e+00	0.0000000e+00
na21	21	0.0000000e+00	0.0000000e+00	0.0000000e+00	0.0000000e+00	0.0000000e+00	0.0000000e+00
na22	22	0.0000000e+00	0.0000000e+00	0.0000000e+00	0.0000000e+00	0.0000000e+00	0.0000000e+00
na23	23	3.6544803e-06	1.3389617e-05	9.7351362e-06	2.6861468e-06	1.9530063e-06	1.3842611e-01
na24	24	1.2016019e-38	1.2016019e-38	0.0000000e+00	2.4105837e-39	0.0000000e+00	0.0000000e+00
mg23	23	0.0000000e+00	0.0000000e+00	0.0000000e+00	0.0000000e+00	0.0000000e+00	0.0000000e+00
mg24	24	-1.9877263e-04	2.7843709e-06	2.0155700e-04	5.5858426e-07	4.0435190e-05	-1.8596708e+00
mg25	25	1.9751361e-04	2.2409364e-04	2.6580038e-05	4.4956361e-05	5.3323323e-06	9.2587395e-01
mg26	26	1.4001674e-04	1.7045247e-04	3.0435728e-05	3.4195181e-05	6.1058384e-06	7.4821960e-01
mg27	27	0.0000000e+00	0.0000000e+00	0.0000000e+00	0.0000000e+00	0.0000000e+00	0.0000000e+00
al25	25	0.0000000e+00	0.0000000e+00	0.0000000e+00	0.0000000e+00	0.0000000e+00	0.0000000e+00
al-6	26	0.0000000e+00	0.0000000e+00	0.0000000e+00	0.0000000e+00	0.0000000e+00	0.0000000e+00
al*6	26	0.0000000e+00	0.0000000e+00	0.0000000e+00	0.0000000e+00	0.0000000e+00	0.0000000e+00
al27	27	8.5514411e-05	1.0404879e-04	1.8534379e-05	2.0873662e-05	3.7182591e-06	7.4925899e-01
al28	28	0.0000000e+00	0.0000000e+00	0.0000000e+00	0.0000000e+00	0.0000000e+00	0.0000000e+00
si27	27	0.0000000e+00	0.0000000e+00	0.0000000e+00	0.0000000e+00	0.0000000e+00	0.0000000e+00
si28	28	2.0231600e-05	2.4340622e-04	2.2317462e-04	4.8830737e-05	4.4771992e-05	3.7686868e-02
si29	29	1.7881845e-06	1.3525172e-05	1.1736988e-05	2.7133412e-06	2.3546061e-06	6.1586152e-02
si30	30	3.6847557e-06	1.1688774e-05	8.0040188e-06	2.3449338e-06	1.6057196e-06	1.6446088e-01
p31	31	1.1908272e-06	3.1316666e-06	1.9408395e-06	6.2825671e-07	3.8935991e-07	2.0778591e-01
p32	32	7.9941121e-27	7.9941121e-27	0.0000000e+00	1.6037322e-27	0.0000000e+00	0.0000000e+00
p33	33	1.6035530e-23	1.6035530e-23	0.0000000e+00	3.2169547e-24	0.0000000e+00	0.0000000e+00
s32	32	-1.0415644e-06	1.0590466e-04	1.0694623e-04	2.1245976e-05	2.1454929e-05	-4.2503866e-03
s33	33	8.3570309e-09	8.9133232e-07	8.8297529e-07	1.7881390e-07	1.7713736e-07	4.0911048e-03
s34	34	2.8974450e-07	5.4249739e-06	5.1352294e-06	1.0883266e-06	1.0301998e-06	2.3837804e-02
s35	35	7.1699873e-19	7.1699873e-19	0.0000000e+00	1.4384011e-19	0.0000000e+00	0.0000000e+00
s36	36	6.9058339e-08	9.4407289e-08	2.5348950e-08	1.8939440e-08	5.0853586e-09	5.7104556e-01
cl35	35	1.7528486e-08	1.1146292e-06	1.0971007e-06	2.2361042e-07	2.2009395e-07	6.8839182e-03
cl36	36	0.0000000e+00	0.0000000e+00	0.0000000e+00	0.0000000e+00	0.0000000e+00	0.0000000e+00
cl37	37	8.6816532e-08	4.5749113e-07	3.7067460e-07	9.1779205e-08	7.4362578e-08	9.1389853e-02
ar36	36	-3.8056900e-07	2.0049090e-05	2.0429659e-05	4.0221315e-06	4.0984790e-06	-8.1664525e-03
ar37	37	7.6536934e-22	7.6536934e-22	0.0000000e+00	1.5354394e-22	0.0000000e+00	0.0000000e+00
ar38	38	1.2916202e-07	4.0499940e-06	3.9208320e-06	8.1248620e-07	7.8657446e-07	1.4076148e-02
ar39	39	0.0000000e+00	0.0000000e+00	0.0000000e+00	0.0000000e+00	0.0000000e+00	0.0000000e+00
ar40	40	7.8420388e-08	8.5021449e-08	6.6010610e-09	1.7056508e-08	1.3242664e-09	1.1099148e+00
k39	39	3.9104513e-08	1.1027220e-06	1.0636175e-06	2.2122166e-07	2.1337675e-07	1.5680570e-02
k40	40	1.1185638e-09	1.2907550e-09	1.7219118e-10	2.5894374e-10	3.4543991e-11	8.7483290e-01
k41	41	1.3685514e-08	9.4378533e-08	8.0693019e-08	1.8933671e-08	1.6188163e-08	6.8037257e-02
ca40	40	-3.1781568e-07	1.8097628e-05	1.8415444e-05	3.6306407e-06	3.6943990e-06	-7.5605296e-03
ca41	41	0.0000000e+00	0.0000000e+00	0.0000000e+00	0.0000000e+00	0.0000000e+00	0.0000000e+00
ca42	42	1.2113445e-08	1.4116810e-07	1.2905466e-07	2.8320322e-08	2.5890194e-08	3.8962893e-02
ca43	43	3.6515647e-09	3.1220201e-08	2.7568636e-08	6.2632148e-09	5.5306591e-09	5.4020411e-02
ca44	44	1.1545710e-08	4.4744967e-07	4.3590396e-07	8.9764746e-08	8.7448513e-08	1.1353378e-02
ca45	45	2.1946459e-17	2.1946459e-17	0.0000000e+00	4.4027708e-18	0.0000000e+00	0.0000000e+00
ca46	46	1.8877007e-08	1.9750869e-08	8.7386158e-10	3.9623042e-09	1.7530902e-10	1.3541436e+00
ca47	47	1.2694092e-32	1.2694092e-32	0.0000000e+00	2.5466147e-33	0.0000000e+00	0.0000000e+00
ca48	48	1.6686428e-09	4.4297724e-08	4.2629081e-08	8.8867512e-09	8.5519978e-09	1.6675441e-02
sc45	45	6.0152804e-09	1.8313212e-08	1.2297932e-08	3.6738900e-09	2.4671394e-09	1.7293245e-01
sc46	46	1.0364136e-22	1.0364136e-22	0.0000000e+00	2.0791925e-23	0.0000000e+00	0.0000000e+00
sc47	47	1.2115061e-29	1.2115061e-29	0.0000000e+00	2.4304530e-30	0.0000000e+00	0.0000000e+00
sc48	48	3.0408695e-31	8.0600382e-30	7.7559513e-30	1.6169579e-30	1.5559537e-30	1.6702029e-02
ti46	46	3.0330531e-10	7.5437426e-08	7.5134121e-08	1.5133817e-08	1.5072970e-08	1.7496533e-03
ti47	47	7.6296567e-10	6.9992854e-08	6.9229888e-08	1.4041558e-08	1.3888497e-08	4.7600714e-03
ti48	48	-1.1061013e-08	6.8950749e-07	7.0056851e-07	1.3832498e-07	1.4054397e-07	-6.9116195e-03
ti49	49	5.9074933e-09	5.8390282e-08	5.2482789e-08	1.1713918e-08	1.0528791e-08	4.6323670e-02
ti50	50	1.6782768e-08	6.8060290e-08	5.1277521e-08	1.3653859e-08	1.0286997e-08	1.2296677e-01
v51	51	-1.4664157e-09	1.1154082e-07	1.1300724e-07	2.2376670e-08	2.2670854e-08	-5.6724186e-03
cr52	52	-7.8405121e-08	4.5540878e-06	4.6324929e-06	9.1361456e-07	9.2934374e-07	-7.4133650e-03
cr53	53	-1.0368522e-08	5.2501860e-07	5.3538712e-07	1.0532617e-07	1.0740624e-07	-8.4932313e-03
cr54	54	3.4085820e-08	1.6986941e-07	1.3578359e-07	3.4078212e-08	2.7240113e-08	9.7267890e-02
mn55	55	-2.5528469e-08	4.0201302e-06	4.0456587e-06	8.0649509e-07	8.1161647e-07	-2.7491199e-03
fe54	54	-6.1924439e-07	2.6037888e-05	2.6657133e-05	5.2235694e-06	5.3477986e-06	-1.0207674e-02
fe55	55	5.4588701e-17	5.4588701e-17	0.0000000e+00	1.0951267e-17	0.0000000e+00	0.0000000e+00
fe56	56	-8.2498791e-06	4.2568680e-04	4.3393668e-04	8.5398805e-05	8.7053848e-05	-8.3361775e-03
fe57	57	1.9544470e-07	1.0395998e-05	1.0200553e-05	2.0855846e-06	2.0463756e-06	8.2424579e-03
fe58	58	1.5249517e-06	2.9062908e-06	1.3813392e-06	5.8304313e-07	2.7711621e-07	3.2303875e-01
fe59	59	4.0651328e-20	4.0651328e-20	0.0000000e+00	8.1552326e-21	0.0000000e+00	0.0000000e+00
fe60	60	0.0000000e+00	0.0000000e+00	0.0000000e+00	0.0000000e+00	0.0000000e+00	0.0000000e+00
co59	59	6.3035315e-07	1.6956502e-06	1.0652970e-06	3.4017146e-07	2.1371368e-07	2.0186554e-01
co60	60	0.0000000e+00	0.0000000e+00	0.0000000e+00	0.0000000e+00	0.0000000e+00	0.0000000e+00
ni58	58	-3.3697697e-07	1.4905206e-05	1.5242183e-05	2.9901956e-06	3.0577980e-06	-9.7091878e-03
ni59	59	0.0000000e+00	0.0000000e+00	0.0000000e+00	0.0000000e+00	0.0000000e+00	0.0000000e+00
ni60	60	2.3723374e-06	8.4460843e-06	6.0737469e-06	1.6944042e-06	1.2184797e-06	1.4319872e-01
ni61	61	3.7136395e-07	6.3979357e-07	2.6842962e-07	1.2835166e-07	5.3850787e-08	3.7720943e-01
ni62	62	1.5531873e-06	2.4230625e-06	8.6987522e-07	4.8610068e-07	1.7450930e-07	4.4490766e-01
ni63	63	0.0000000e+00	0.0000000e+00	0.0000000e+00	0.0000000e+00	0.0000000e+00	0.0000000e+00
ni64	64	1.2029623e-06	1.4316360e-06	2.2867372e-07	2.8720647e-07	4.5875190e-08	7.9661635e-01
cu63	63	5.4377729e-07	7.3252523e-07	1.8874794e-07	1.4695494e-07	3.7865512e-08	5.8894036e-01
cu64	64	2.1063751e-39	2.1063751e-39	0.0000000e+00	4.2256870e-40	0.0000000e+00	0.0000000e+00
cu65	65	2.3168272e-07	3.1848148e-07	8.6798762e-08	6.3891899e-08	1.7413062e-08	5.6457065e-01
zn64	64	-6.4472742e-09	3.1693295e-07	3.2338022e-07	6.3581241e-08	6.4874656e-08	-8.7460648e-03
zn65	65	2.6825054e-18	2.6825054e-18	0.0000000e+00	5.3814860e-19	0.0000000e+00	0.0000000e+00
zn66	66	2.2994085e-07	4.2126587e-07	1.9132502e-07	8.4511903e-08	3.8382511e-08	3.4278450e-01
zn67	67	5.1030979e-08	7.9572425e-08	2.8541446e-08	1.5963356e-08	5.7258186e-09	4.4528662e-01
zn68	68	3.2845511e-07	4.6092934e-07	1.3247422e-07	9.2468957e-08	2.6576207e-08	5.4150297e-01
zn69	69	0.0000000e+00	0.0000000e+00	0.0000000e+00	0.0000000e+00	0.0000000e+00	0.0000000e+00
zn70	70	2.1753964e-09	6.6847147e-09	4.5093184e-09	1.3410485e-09	9.0463317e-10	1.7097198e-01
ga69	69	4.6003090e-08	5.8148202e-08	1.2145112e-08	1.1665353e-08	2.4364816e-09	6.8013477e-01
ga70	70	0.0000000e+00	0.0000000e+00	0.0000000e+00	0.0000000e+00	0.0000000e+00	0.0000000e+00
ga71	71	4.0749155e-08	4.9043227e-08	8.2940715e-09	9.8387663e-09	1.6639083e-09	7.7181126e-01
ge70	70	6.9971534e-08	8.3480414e-08	1.3508880e-08	1.6747354e-08	2.7100728e-09	7.9096525e-01
ge71	71	1.9491275e-27	1.9491275e-27	0.0000000e+00	3.9102260e-28	0.0000000e+00	0.0000000e+00
ge72	72	6.9122708e-08	8.7484637e-08	1.8361929e-08	1.7550658e-08	3.6836631e-09	6.7801350e-01
ge73	73	2.0548179e-08	2.5773532e-08	5.2253526e-09	5.1705357e-09	1.0482798e-09	6.9305833e-01
ge74	74	8.8833964e-08	1.1369561e-07	2.4861646e-08	2.2808951e-08	4.9875986e-09	6.6021381e-01
as75	75	8.1582503e-09	1.1803057e-08	3.6448066e-09	2.3678605e-09	7.3119987e-10	5.1032001e-01
se76	76	2.8419638e-08	3.2214318e-08	3.7946798e-09	6.4626487e-09	7.6126654e-10	9.2887381e-01
se77	77	1.1246953e-08	1.4377655e-08	3.1307019e-09	2.8843613e-09	6.2806317e-10	6.6204633e-01
se78	78	7.2594752e-08	8.2474571e-08	9.8798182e-09	1.6545568e-08	1.9820316e-09	9.2157111e-01
se79	79	0.0000000e+00	0.0000000e+00	0.0000000e+00	0.0000000e+00	0.0000000e+00	0.0000000e+00
se80	80	9.0133763e-08	1.1128241e-07	2.1148650e-08	2.2324829e-08	4.2427190e-09	7.2114388e-01
br79	79	1.6278423e-08	1.9660297e-08	3.3818741e-09	3.9441342e-09	6.7845187e-10	7.6443263e-01
br80	80	0.0000000e+00	0.0000000e+00	0.0000000e+00	0.0000000e+00	0.0000000e+00	0.0000000e+00
br81	81	1.2064834e-08	1.5438114e-08	3.3732805e-09	3.0971045e-09	6.7672787e-10	6.6054180e-01
kr80	80	2.9389635e-11	8.3536771e-10	8.0597807e-10	1.6758660e-10	1.6169062e-10	1.5554456e-02
kr81	81	2.7397278e-12	2.7397278e-12	0.0000000e+00	5.4962822e-13	0.0000000e+00	0.0000000e+00
kr82	82	4.0475395e-08	4.4614889e-08	4.1394939e-09	8.9503790e-09	8.3044114e-10	1.0325326e+00
kr83	83	1.4503785e-08	1.8654594e-08	4.1508094e-09	3.7423759e-09	8.3271119e-10	6.5265301e-01
kr84	84	9.1727715e-08	1.1243089e-07	2.0703179e-08	2.2555231e-08	4.1533512e-09	7.3484862e-01
kr-5	85	7.4812750e-12	7.4812750e-12	0.0000000e+00	1.5008498e-12	0.0000000e+00	0.0000000e+00
kr*5	85	0.0000000e+00	0.0000000e+00	0.0000000e+00	0.0000000e+00	0.0000000e+00	0.0000000e+00
kr86	86	2.0810189e-07	2.1451185e-07	6.4099614e-09	4.3034117e-08	1.2859291e-09	1.5245959e+00
rb85	85	3.2610002e-08	3.7466720e-08	4.8567179e-09	7.5163551e-09	9.7432644e-10	8.8730280e-01
rb86	86	0.0000000e+00	0.0000000e+00	0.0000000e+00	0.0000000e+00	0.0000000e+00	0.0000000e+00
rb87	87	5.2356051e-08	5.4401866e-08	2.0458151e-09	1.0913785e-08	4.1041951e-10	1.4247474e+00
sr86	86	1.5292421e-08	1.6860403e-08	1.5679812e-09	3.3824357e-09	3.1455926e-10	1.0315271e+00
sr87	87	6.9095914e-09	8.0181051e-09	1.1085137e-09	1.6085455e-09	2.2238355e-10	8.5933069e-01
sr88	88	9.9713682e-08	1.1315664e-07	1.3442955e-08	2.2700825e-08	2.6968474e-09	9.2518528e-01
sr89	89	1.9428703e-20	1.9428703e-20	0.0000000e+00	3.8976732e-21	0.0000000e+00	0.0000000e+00
sr90	90	7.7067761e-12	7.7067761e-12	0.0000000e+00	1.5460885e-12	0.0000000e+00	0.0000000e+00
y89	89	2.3980968e-08	2.7496648e-08	3.5156799e-09	5.5162173e-09	7.0529521e-10	8.9327043e-01
y90	90	1.9489843e-15	1.9489843e-15	0.0000000e+00	3.9099387e-16	0.0000000e+00	0.0000000e+00
y91	91	1.6161459e-20	1.6161459e-20	0.0000000e+00	3.2422178e-21	0.0000000e+00	0.0000000e+00
zr90	90	1.6394063e-08	2.0215727e-08	3.8216634e-09	4.0555612e-09	7.6667984e-10	7.2343692e-01
zr91	91	4.6520254e-09	5.4947061e-09	8.4268071e-10	1.1023159e-09	1.6905369e-10	8.1428141e-01
zr92	92	8.6448074e-09	9.9469936e-09	1.3021862e-09	1.9955079e-09	2.6123700e-10	8.8301876e-01
zr93	93	0.0000000e+00	0.0000000e+00	0.0000000e+00	0.0000000e+00	0.0000000e+00	0.0000000e+00
zr94	94	8.3542370e-09	9.7025682e-09	1.3483312e-09	1.9464727e-09	2.7049434e-10	8.5709013e-01
zr95	95	2.6568777e-20	2.6568777e-20	0.0000000e+00	5.3300733e-21	0.0000000e+00	0.0000000e+00
zr96	96	9.7075273e-09	9.9293740e-09	2.2184670e-10	1.9919732e-09	4.4505592e-11	1.6508689e+00
nb93	93	2.6585113e-09	3.2407632e-09	5.8225189e-10	6.5014302e-10	1.1680798e-10	7.4553639e-01
nb94	94	2.6204297e-16	2.6204297e-16	0.0000000e+00	5.2569535e-17	0.0000000e+00	0.0000000e+00
nb95	95	3.1937081e-20	3.1937081e-20	0.0000000e+00	6.4070311e-21	0.0000000e+00	0.0000000e+00
mo94	94	2.2515967e-12	1.8473425e-10	1.8248265e-10	3.7060308e-11	3.6608605e-11	5.3258349e-03
mo95	95	1.0963877e-09	1.4155890e-09	3.1920136e-10	2.8398722e-10	6.4036317e-11	6.4687245e-01
mo96	96	1.6218368e-09	1.9613700e-09	3.3953327e-10	3.9347863e-10	6.8115185e-11	7.6167720e-01
mo97	97	7.7424591e-10	9.7177149e-10	1.9752558e-10	1.9495113e-10	3.9626430e-11	6.9194081e-01
mo98	98	2.1756674e-09	2.6827627e-09	5.0709532e-10	5.3820022e-10	1.0173051e-10	7.2349266e-01
tc99	99	0.0000000e+00	0.0000000e+00	0.0000000e+00	0.0000000e+00	0.0000000e+00	0.0000000e+00
ru99	99	2.6271117e-10	4.3976683e-10	1.7705565e-10	8.8223458e-11	3.5519873e-11	3.9511267e-01
ru100	100	9.2157891e-10	1.0981799e-09	1.7660098e-10	2.2031045e-10	3.5428659e-11	7.9368038e-01
ru101	101	1.8149312e-10	4.2299658e-10	2.4150345e-10	8.4859108e-11	4.8449015e-11	2.4341351e-01
ru102	102	1.1049975e-09	1.5560503e-09	4.5105278e-10	3.1216573e-10	9.0487580e-11	5.3779626e-01
rh103	103	1.6790517e-10	4.5594930e-10	2.8804412e-10	9.1469891e-11	5.7785734e-11	1.9945753e-01
pd104	104	5.6340770e-10	6.8945686e-10	1.2604916e-10	1.3831482e-10	2.5287248e-11	7.3796713e-01
pd105	105	1.2575563e-10	3.8085021e-10	2.5509458e-10	7.6403949e-11	5.1175588e-11	1.7405297e-01
pd106	106	6.0280764e-10	9.1799526e-10	3.1518762e-10	1.8416286e-10	6.3231104e-11	4.6427128e-01
pd107	107	0.0000000e+00	0.0000000e+00	0.0000000e+00	0.0000000e+00	0.0000000e+00	0.0000000e+00
pd108	108	7.0832506e-10	1.0192346e-09	3.1090956e-10	2.0447291e-10	6.2372864e-11	5.1564009e-01
ag107	107	1.0943054e-10	3.2355404e-10	2.1412350e-10	6.4909526e-11	4.2956209e-11	1.7928249e-01
ag108	108	0.0000000e+00	0.0000000e+00	0.0000000e+00	0.0000000e+00	0.0000000e+00	0.0000000e+00
ag109	109	1.6497763e-10	3.6762574e-10	2.0264812e-10	7.3750935e-11	4.0654084e-11	2.5866335e-01
cd108	108	3.7001639e-12	1.5707089e-11	1.2006925e-11	3.1510647e-12	2.4087594e-12	1.1666390e-01
cd109	109	3.7628345e-24	3.7628345e-24	0.0000000e+00	7.5487794e-25	0.0000000e+00	0.0000000e+00
cd110	110	5.8530980e-10	7.5693273e-10	1.7162293e-10	1.5185143e-10	3.4429991e-11	6.4448198e-01
cd111	111	1.8113811e-10	3.5861856e-10	1.7748045e-10	7.1943966e-11	3.5605094e-11	3.0548224e-01
cd112	112	6.9639500e-10	1.0339902e-09	3.3759522e-10	2.0743309e-10	6.7726387e-11	4.8612014e-01
cd113	113	1.9641246e-10	3.6890456e-10	1.7249209e-10	7.4007482e-11	3.4604358e-11	3.3014483e-01
cd114	114	9.5261305e-10	1.3617565e-09	4.0914349e-10	2.7318766e-10	8.2079983e-11	5.2222382e-01
in115	115	1.7480151e-10	3.2907172e-10	1.5427022e-10	6.6016451e-11	3.0948792e-11	3.2900847e-01
sn116	116	1.2467946e-09	1.7294576e-09	4.8266304e-10	3.4695371e-10	9.6829047e-11	5.5426588e-01
sn117	117	3.5035904e-10	6.0749973e-10	2.5714069e-10	1.2187306e-10	5.1586068e-11	3.7337528e-01
sn118	118	1.6564101e-09	2.4405114e-09	7.8410131e-10	4.8960118e-10	1.5730184e-10	4.9310866e-01
sn119	119	4.5922093e-10	7.5174482e-10	2.9252389e-10	1.5081066e-10	5.8684438e-11	4.0990910e-01
sn120	120	2.3480108e-09	3.4668149e-09	1.1188041e-09	6.9549220e-10	2.2444796e-10	4.9117660e-01
sb121	121	1.6138870e-10	3.3392513e-10	1.7253643e-10	6.6990114e-11	3.4613253e-11	2.8676830e-01
te122	122	2.8713917e-10	4.0182889e-10	1.1468972e-10	8.0612570e-11	2.3008383e-11	5.4451668e-01
te123	123	1.0347033e-10	1.4382733e-10	4.0357001e-11	2.8853801e-11	8.0961863e-12	5.5192254e-01
te124	124	5.2523295e-10	7.4191469e-10	2.1668174e-10	1.4883860e-10	4.3469429e-11	5.3453165e-01
te125	125	1.6310039e-10	4.8889982e-10	3.2579943e-10	9.8080232e-11	6.5359982e-11	1.7626956e-01
te126	126	9.3010309e-10	1.8052155e-09	8.7511244e-10	3.6215182e-10	1.7555996e-10	3.1446520e-01
i127	127	7.7869121e-11	1.1754191e-09	1.0975500e-09	2.3580573e-10	2.2018408e-10	2.9768438e-02
xe128	128	3.0844316e-10	4.2698683e-10	1.1854367e-10	8.5659610e-11	2.3781541e-11	5.5653610e-01
xe129	129	5.2265187e-11	1.5404399e-09	1.4881747e-09	3.0903407e-10	2.9854893e-10	1.4990839e-02
xe130	130	5.8169336e-10	8.2248520e-10	2.4079184e-10	1.6500219e-10	4.8306255e-11	5.3348633e-01
xe131	131	1.7241570e-10	1.3752752e-09	1.2028595e-09	2.7589971e-10	2.4131067e-10	5.8174707e-02
xe132	132	1.0135335e-09	2.4949081e-09	1.4813746e-09	5.0051393e-10	2.9718475e-10	2.2638965e-01
xe133	133	6.6428864e-32	6.6428864e-32	0.0000000e+00	1.3326571e-32	0.0000000e+00	0.0000000e+00
xe134	134	7.9441652e-10	1.3497045e-09	5.5528800e-10	2.7076986e-10	1.1139864e-10	3.8572041e-01
cs133	133	1.3067810e-10	5.2014734e-10	3.8946924e-10	1.0434893e-10	7.8133050e-11	1.2565322e-01
cs134	134	1.2411775e-15	1.2411775e-15	0.0000000e+00	2.4899780e-16	0.0000000e+00	0.0000000e+00
cs135	135	0.0000000e+00	0.0000000e+00	0.0000000e+00	0.0000000e+00	0.0000000e+00	0.0000000e+00
cs136	136	1.5740616e-28	1.5740616e-28	0.0000000e+00	3.1577907e-29	0.0000000e+00	0.0000000e+00
cs137	137	0.0000000e+00	0.0000000e+00	0.0000000e+00	0.0000000e+00	0.0000000e+00	0.0000000e+00
ba134	134	1.1583603e-10	2.3523407e-10	1.1939805e-10	4.7191289e-11	2.3952941e-11	2.9450300e-01
ba135	135	4.7515504e-10	8.0322802e-10	3.2807297e-10	1.6113892e-10	6.5816088e-11	3.8886839e-01
ba136	136	9.2916292e-10	1.3229429e-09	3.9377999e-10	2.6540110e-10	7.8997847e-11	5.2628746e-01
ba137	137	3.0047062e-09	3.5719708e-09	5.6726455e-10	7.1658796e-10	1.1380131e-10	7.9912225e-01
ba138	138	4.6259458e-09	8.2735376e-09	3.6475918e-09	1.6597889e-09	7.3175861e-10	3.5568502e-01
la139	139	4.4629914e-10	9.4659900e-10	5.0029987e-10	1.8990118e-10	1.0036724e-10	2.7693566e-01
ce140	140	8.3839213e-10	1.9850640e-09	1.1466718e-09	3.9823196e-10	2.3003862e-10	2.3833536e-01
ce141	141	1.3172662e-24	1.3172662e-24	0.0000000e+00	2.6426228e-25	0.0000000e+00	0.0000000e+00
ce142	142	1.2527527e-10	2.7141779e-10	1.4614252e-10	5.4450255e-11	2.9318261e-11	2.6886171e-01
pr141	141	8.1572375e-11	2.7919736e-10	1.9762499e-10	5.6010947e-11	3.9646373e-11	1.5006946e-01
nd142	142	1.3229450e-10	3.9591730e-10	2.6362280e-10	7.9426622e-11	5.2886470e-11	1.7662151e-01
nd143	143	2.9255509e-11	1.4727799e-10	1.1802248e-10	2.9546052e-11	2.3676982e-11	9.6173112e-02
nd144	144	8.8404944e-11	3.2297096e-10	2.3456602e-10	6.4792552e-11	4.7057268e-11	1.3889838e-01
nd145	145	1.4803736e-11	1.0202886e-10	8.7225122e-11	2.0468435e-11	1.7498596e-11	6.8081441e-02
nd146	146	7.4514536e-11	2.4619915e-10	1.7168461e-10	4.9391039e-11	3.4442367e-11	1.5655517e-01
nd147	147	2.5726923e-30	2.5726923e-30	0.0000000e+00	5.1611855e-31	0.0000000e+00	0.0000000e+00
nd148	148	1.0127229e-11	6.8201678e-11	5.8074449e-11	1.3682223e-11	1.1650557e-11	6.9809962e-02
pm147	147	2.7849165e-16	2.7849165e-16	0.0000000e+00	5.5869372e-17	0.0000000e+00	0.0000000e+00
pm148	148	4.1609903e-34	4.1609903e-34	0.0000000e+00	8.3475363e-35	0.0000000e+00	0.0000000e+00
sm147	147	7.6653077e-12	5.4410828e-11	4.6745520e-11	1.0915583e-11	9.3778138e-12	6.5945337e-02
sm148	148	1.6293921e-11	5.1583689e-11	3.5289768e-11	1.0348419e-11	7.0796277e-12	1.6486359e-01
sm149	149	1.1964523e-12	4.4879719e-11	4.3683267e-11	9.0035077e-12	8.7634824e-12	1.1735021e-02
sm150	150	1.7030624e-11	4.0514503e-11	2.3483878e-11	8.1277834e-12	4.7111988e-12	2.3684069e-01
sm151	151	7.8584461e-15	7.8584461e-15	0.0000000e+00	1.5765157e-15	0.0000000e+00	0.0000000e+00
sm152	152	1.2553381e-11	9.8806885e-11	8.6253505e-11	1.9822062e-11	1.7303675e-11	5.9010460e-02
eu151	151	-1.0969446e-12	5.5801280e-11	5.6898225e-11	1.1194528e-11	1.1414590e-11	-8.4545541e-03
eu152	152	1.9655324e-18	1.9655324e-18	0.0000000e+00	3.9431366e-19	0.0000000e+00	0.0000000e+00
eu153	153	-5.3266568e-13	6.2401858e-11	6.2934524e-11	1.2518697e-11	1.2625557e-11	-3.6914287e-03
eu154	154	4.4210997e-16	4.4210997e-16	0.0000000e+00	8.8693525e-17	0.0000000e+00	0.0000000e+00
eu155	155	5.5862072e-16	5.5862072e-16	0.0000000e+00	1.1206723e-16	0.0000000e+00	0.0000000e+00
gd152	152	3.9579119e-13	1.2266050e-12	8.3081384e-13	2.4607435e-13	1.6667303e-13	1.6920102e-01
gd153	153	3.3127000e-24	3.3127000e-24	0.0000000e+00	6.6457456e-25	0.0000000e+00	0.0000000e+00
gd154	154	3.5809280e-12	1.2755791e-11	9.1748629e-12	2.5589924e-12	1.8406075e-12	1.4310781e-01
gd155	155	1.7877851e-12	6.4478757e-11	6.2690971e-11	1.2935352e-11	1.2576697e-11	1.2211654e-02
gd156	156	9.8212140e-12	9.7090003e-11	8.7268789e-11	1.9477631e-11	1.7507356e-11	4.6315565e-02
gd157	157	2.8812244e-12	7.0028009e-11	6.7146785e-11	1.4048611e-11	1.3470597e-11	1.8246558e-02
gd158	158	2.0730943e-11	1.2798901e-10	1.0725806e-10	2.5676408e-11	2.1517488e-11	7.6742716e-02
tb159	159	1.1181414e-12	8.2028555e-11	8.0910414e-11	1.6456091e-11	1.6231776e-11	5.9606401e-03
dy160	160	9.4153656e-12	2.1658832e-11	1.2243466e-11	4.3450686e-12	2.4562128e-12	2.4773064e-01
dy161	161	-1.7516655e-12	9.8169328e-11	9.9920993e-11	1.9694159e-11	2.0045567e-11	-7.6809255e-03
dy162	162	1.3106094e-11	1.4870486e-10	1.3559876e-10	2.9832302e-11	2.7203034e-11	4.0069426e-02
dy163	163	1.1649089e-12	1.3449693e-10	1.3333202e-10	2.6981991e-11	2.6748293e-11	3.7779090e-03
dy164	164	2.9106912e-11	1.8138339e-10	1.5227648e-10	3.6388079e-11	3.0548820e-11	7.5964692e-02
ho165	165	2.4754351e-13	1.1885379e-10	1.1860625e-10	2.3843755e-11	2.3794094e-11	9.0547293e-04
er166	166	1.0743830e-11	1.2341613e-10	1.1267230e-10	2.4759025e-11	2.2603661e-11	3.9554764e-02
er167	167	2.1019436e-12	7.9474792e-11	7.7372848e-11	1.5943770e-11	1.5522090e-11	1.1640815e-02
er168	168	1.8748600e-11	1.1056981e-10	9.1821207e-11	2.2181870e-11	1.8420636e-11	8.0693556e-02
er169	169	9.0584234e-31	9.0584234e-31	0.0000000e+00	1.8172481e-31	0.0000000e+00	0.0000000e+00
er170	170	5.7600565e-12	5.7111221e-11	5.1351164e-11	1.1457320e-11	1.0301771e-11	4.6171149e-02
tm169	169	2.9006521e-12	5.7164397e-11	5.4263745e-11	1.1467988e-11	1.0886076e-11	2.2615864e-02
tm170	170	8.2183041e-21	8.2183041e-21	0.0000000e+00	1.6487083e-21	0.0000000e+00	0.0000000e+00
tm171	171	8.6294062e-17	8.6294062e-17	0.0000000e+00	1.7311812e-17	0.0000000e+00	0.0000000e+00
yb170	170	6.1255566e-12	1.6388670e-11	1.0263114e-11	3.2877996e-12	2.0589261e-12	2.0326457e-01
yb171	171	7.9256080e-12	5.6738130e-11	4.8812522e-11	1.1382473e-11	9.7924838e-12	6.5343771e-02
yb172	172	2.0216865e-11	9.5796620e-11	7.5579755e-11	1.9218160e-11	1.5162370e-11	1.0294471e-01
yb173	173	8.0923858e-12	6.4520076e-11	5.6427691e-11	1.2943642e-11	1.1320194e-11	5.8202597e-02
yb174	174	4.2338308e-11	1.5524815e-10	1.1290984e-10	3.1144979e-11	2.2651315e-11	1.3829463e-01
lu175	175	3.5171809e-12	5.4477593e-11	5.0960413e-11	1.0928977e-11	1.0223381e-11	2.8984979e-02
lu176	176	5.0507692e-12	6.5382703e-12	1.4875011e-12	1.3116697e-12	2.9841381e-13	6.4300557e-01
lu177	177	2.8708269e-32	2.8708269e-32	0.0000000e+00	5.7592856e-33	0.0000000e+00	0.0000000e+00
hf176	176	-4.9420045e-13	1.0951130e-11	1.1445330e-11	2.1969519e-12	2.2960955e-12	-1.9169402e-02
hf177	177	3.3058551e-12	4.4444117e-11	4.1138261e-11	8.9161197e-12	8.2529183e-12	3.3568344e-02
hf178	178	2.1033602e-11	8.1729135e-11	6.0695533e-11	1.6396023e-11	1.2176384e-11	1.2922017e-01
hf179	179	6.7584668e-12	3.7233303e-11	3.0474836e-11	7.4695282e-12	6.1136840e-12	8.6990185e-02
hf180	180	3.9449049e-11	1.1837067e-10	7.8921625e-11	2.3746835e-11	1.5832797e-11	1.7604810e-01
ta181	181	6.9753918e-12	4.0413809e-11	3.3438417e-11	8.1075828e-12	6.7082204e-12	8.2284073e-02
ta182	182	9.3480856e-26	9.3480856e-26	0.0000000e+00	1.8753584e-26	0.0000000e+00	0.0000000e+00
ta183	183	2.5719023e-40	2.5719023e-40	0.0000000e+00	5.1596004e-41	0.0000000e+00	0.0000000e+00
w182	182	1.3625041e-11	6.6098289e-11	5.2473247e-11	1.3260253e-11	1.0526877e-11	1.0025227e-01
w183	183	8.8526437e-12	3.7343646e-11	2.8491002e-11	7.4916646e-12	5.7156988e-12	1.1750899e-01
w184	184	2.3652806e-11	8.4987908e-11	6.1335102e-11	1.7049779e-11	1.2304691e-11	1.4164805e-01
w185	185	6.0914317e-22	6.0914317e-22	0.0000000e+00	1.2220275e-22	0.0000000e+00	0.0000000e+00
w186	186	2.0087693e-11	7.7619985e-11	5.7532292e-11	1.5571669e-11	1.1541793e-11	1.3006188e-01
re185	185	4.3482442e-12	3.3589575e-11	2.9241330e-11	6.7385447e-12	5.8662253e-12	6.0207375e-02
re186	186	1.0441748e-33	1.0441748e-33	0.0000000e+00	2.0947625e-34	0.0000000e+00	0.0000000e+00
re187	187	9.4697195e-13	5.4272060e-11	5.3325088e-11	1.0887744e-11	1.0697768e-11	7.6447251e-03
os186	186	7.0545452e-12	2.3261792e-11	1.6207246e-11	4.6666451e-12	3.2514033e-12	1.5693393e-01
os187	187	1.6492127e-12	1.4609028e-11	1.2959816e-11	2.9307781e-12	2.5999227e-12	5.2022507e-02
os188	188	1.2751259e-11	1.4947110e-10	1.3671984e-10	2.9986022e-11	2.7427939e-11	3.8725686e-02
os189	189	-4.0220802e-12	1.6355985e-10	1.6758193e-10	3.2812424e-11	3.3619311e-11	-1.0550485e-02
os190	190	1.7268696e-11	2.9123698e-10	2.7396829e-10	5.8426266e-11	5.4961921e-11	2.6546229e-02
os191	191	1.1482736e-28	1.1482736e-28	0.0000000e+00	2.3035996e-29	0.0000000e+00	0.0000000e+00
os192	192	-6.6757825e-12	4.2330611e-10	4.2998190e-10	8.4921206e-11	8.6260462e-11	-6.7956297e-03
ir191	191	-1.3829081e-11	3.4871514e-10	3.6254422e-10	6.9957199e-11	7.2731509e-11	-1.6890184e-02
ir192	192	1.4623029e-22	1.4623029e-22	0.0000000e+00	2.9335868e-23	0.0000000e+00	0.0000000e+00
ir193	193	-2.1009534e-11	5.9480217e-10	6.1581171e-10	1.1932575e-10	1.2354056e-10	-1.5075395e-02
pt192	192	1.3771861e-11	2.9017202e-11	1.5245340e-11	5.8212619e-12	3.0584314e-12	2.7951840e-01
pt193	193	1.6080215e-15	1.6080215e-15	0.0000000e+00	3.2259190e-16	0.0000000e+00	0.0000000e+00
pt194	194	1.3682637e-11	6.6307564e-10	6.4939301e-10	1.3302237e-10	1.3027744e-10	9.0554683e-03
pt195	195	-1.5610019e-11	6.5423780e-10	6.6984782e-10	1.3124938e-10	1.3438097e-10	-1.0240515e-02
pt196	196	3.6263913e-11	5.3861104e-10	5.0234713e-10	1.0805301e-10	1.0077795e-10	3.0271328e-02
au197	197	1.3569149e-12	3.0410921e-10	3.0275229e-10	6.1008617e-11	6.0736400e-11	1.9421290e-03
hg198	198	4.0727366e-11	1.1184835e-10	7.1120983e-11	2.2438364e-11	1.4267877e-11	1.9663183e-01
hg199	199	1.1867962e-11	1.3281356e-10	1.2094560e-10	2.6644283e-11	2.4263401e-11	4.0652352e-02
hg200	200	4.5982755e-11	2.1242493e-10	1.6644218e-10	4.2615452e-11	3.3390660e-11	1.0594210e-01
hg201	201	1.7556506e-11	1.1299970e-10	9.5443189e-11	2.2669340e-11	1.9147256e-11	7.3332330e-02
hg202	202	6.6084101e-11	2.8338821e-10	2.1730411e-10	5.6851692e-11	4.3594285e-11	1.1531384e-01
tl203	203	3.5970827e-11	1.2192772e-10	8.5956889e-11	2.4460428e-11	1.7244170e-11	1.5182175e-01
tl204	204	0.0000000e+00	0.0000000e+00	0.0000000e+00	0.0000000e+00	0.0000000e+00	0.0000000e+00
tl205	205	7.7034846e-11	2.8424798e-10	2.0721314e-10	5.7024174e-11	4.1569892e-11	1.3728011e-01
pb204	204	2.1389271e-11	1.3018834e-10	1.0879907e-10	2.6117626e-11	2.1826635e-11	7.7946910e-02
pb205	205	0.0000000e+00	0.0000000e+00	0.0000000e+00	0.0000000e+00	0.0000000e+00	0.0000000e+00
pb206	206	2.2086416e-10	1.2431925e-09	1.0223283e-09	2.4940203e-10	2.0509355e-10	8.4947982e-02
pb207	207	2.3057792e-10	1.3673807e-09	1.1368028e-09	2.7431595e-10	2.2805875e-10	8.0204317e-02
pb208	208	4.9220661e-10	3.7617709e-09	3.2695643e-09	7.5466455e-10	6.5592093e-10	6.0902461e-02
bi209	209	2.4284840e-11	2.5167517e-10	2.2739033e-10	5.0489607e-11	4.5617724e-11	4.4068378e-02
bi210	210	0.0000000e+00	0.0000000e+00	0.0000000e+00	0.0000000e+00	0.0000000e+00	0.0000000e+00
po210	210	0.0000000e+00	0.0000000e+00	0.0000000e+00	0.0000000e+00	0.0000000e+00	0.0000000e+00
