#  species  A   yield		mass(i)_lost	mass(i)_0	<X(i)>		X0(i)		log10(<X(i)>/X0(i))
n	1	0.0000000e+00	0.0000000e+00	0.0000000e+00	0.0000000e+00	0.0000000e+00	0.0000000e+00
p	1	-6.1701137e-01	3.7687441e+00	4.3857555e+00	6.4362653e-01	7.4899980e-01	-6.5847764e-02
d	2	-1.9025385e-05	4.1624306e-08	1.9067010e-05	7.1086036e-09	3.2562660e-06	-2.6609356e+00
he3	3	-1.2090021e-04	3.7852604e-07	1.2127873e-04	6.4644719e-08	2.0711995e-05	-2.5056889e+00
he4	4	6.0631565e-01	2.0701861e+00	1.4638704e+00	3.5354661e-01	2.4999996e-01	1.5050674e-01
li7	7	-3.3516806e-09	1.6197137e-11	3.3678778e-09	2.7661489e-12	5.7516654e-10	-2.3179181e+00
be7	7	1.2164926e-11	1.2164926e-11	0.0000000e+00	2.0775273e-12	0.0000000e+00	0.0000000e+00
b8	8	1.0031950e-26	1.0031950e-26	0.0000000e+00	1.7132575e-27	0.0000000e+00	0.0000000e+00
c12	12	2.8952594e-05	1.0314579e-03	1.0025053e-03	1.7615249e-04	1.7120796e-04	1.2364827e-02
c13	13	2.2699772e-04	2.3914058e-04	1.2142864e-05	4.0840455e-05	2.0737596e-06	1.2943322e+00
c14	14	7.2826543e-11	7.2826543e-11	0.0000000e+00	1.2437325e-11	0.0000000e+00	0.0000000e+00
n13	13	0.0000000e+00	0.0000000e+00	0.0000000e+00	0.0000000e+00	0.0000000e+00	0.0000000e+00
n14	14	1.2646398e-02	1.2942662e-02	2.9626393e-04	2.2103493e-03	5.0595987e-05	1.6403448e+00
n15	15	1.2201535e-06	1.9293109e-06	7.0915738e-07	3.2948793e-07	1.2110998e-07	4.3465959e-01
o14	14	0.0000000e+00	0.0000000e+00	0.0000000e+00	0.0000000e+00	0.0000000e+00	0.0000000e+00
o15	15	0.0000000e+00	0.0000000e+00	0.0000000e+00	0.0000000e+00	0.0000000e+00	0.0000000e+00
o16	16	-2.1909794e-03	2.6163978e-04	2.4526192e-03	4.4682870e-05	4.1885858e-04	-9.7192635e-01
o17	17	4.6935682e-07	1.4593469e-06	9.8999013e-07	2.4922743e-07	1.6907062e-07	1.6852769e-01
o18	18	-5.5170169e-06	1.4515791e-08	5.5315327e-06	2.4790084e-09	9.4467577e-07	-2.5810048e+00
o19	19	0.0000000e+00	0.0000000e+00	0.0000000e+00	0.0000000e+00	0.0000000e+00	0.0000000e+00
f17	17	0.0000000e+00	0.0000000e+00	0.0000000e+00	0.0000000e+00	0.0000000e+00	0.0000000e+00
f18	18	4.9142960e-37	4.9142960e-37	0.0000000e+00	8.3926401e-38	0.0000000e+00	0.0000000e+00
f19	19	-1.4101297e-07	1.9782720e-09	1.4299124e-07	3.3784950e-10	2.4420060e-08	-1.8590234e+00
f20	20	0.0000000e+00	0.0000000e+00	0.0000000e+00	0.0000000e+00	0.0000000e+00	0.0000000e+00
ne19	19	0.0000000e+00	0.0000000e+00	0.0000000e+00	0.0000000e+00	0.0000000e+00	0.0000000e+00
ne20	20	1.7599046e-05	5.1395650e-04	4.9635745e-04	8.7773547e-05	8.4767980e-05	1.5131814e-02
ne21	21	-1.2040317e-06	4.5293770e-08	1.2493254e-06	7.7352751e-09	2.1335994e-07	-1.4406371e+00
ne22	22	4.1662167e-05	8.1808676e-05	4.0146509e-05	1.3971295e-05	6.8562252e-06	3.0915158e-01
ne23	23	0.0000000e+00	0.0000000e+00	0.0000000e+00	0.0000000e+00	0.0000000e+00	0.0000000e+00
na21	21	0.0000000e+00	0.0000000e+00	0.0000000e+00	0.0000000e+00	0.0000000e+00	0.0000000e+00
na22	22	0.0000000e+00	0.0000000e+00	0.0000000e+00	0.0000000e+00	0.0000000e+00	0.0000000e+00
na23	23	-8.6260286e-06	2.8097662e-06	1.1435795e-05	4.7985217e-07	1.9530063e-06	-6.0959618e-01
na24	24	1.6099933e-34	1.6099933e-34	0.0000000e+00	2.7495483e-35	0.0000000e+00	0.0000000e+00
mg23	23	0.0000000e+00	0.0000000e+00	0.0000000e+00	0.0000000e+00	0.0000000e+00	0.0000000e+00
mg24	24	-2.3576472e-04	1.0028439e-06	2.3676756e-04	1.7126580e-07	4.0435190e-05	-2.3730889e+00
mg25	25	1.5298027e-04	1.8420365e-04	3.1223380e-05	3.1458319e-05	5.3323323e-06	7.7081831e-01
mg26	26	1.4358323e-05	5.0110955e-05	3.5752632e-05	8.5579544e-06	6.1058384e-06	1.4662466e-01
mg27	27	0.0000000e+00	0.0000000e+00	0.0000000e+00	0.0000000e+00	0.0000000e+00	0.0000000e+00
al25	25	0.0000000e+00	0.0000000e+00	0.0000000e+00	0.0000000e+00	0.0000000e+00	0.0000000e+00
al-6	26	0.0000000e+00	0.0000000e+00	0.0000000e+00	0.0000000e+00	0.0000000e+00	0.0000000e+00
al*6	26	0.0000000e+00	0.0000000e+00	0.0000000e+00	0.0000000e+00	0.0000000e+00	0.0000000e+00
al27	27	6.9966080e-05	9.1738283e-05	2.1772202e-05	1.5667074e-05	3.7182591e-06	6.2464825e-01
al28	28	0.0000000e+00	0.0000000e+00	0.0000000e+00	0.0000000e+00	0.0000000e+00	0.0000000e+00
si27	27	0.0000000e+00	0.0000000e+00	0.0000000e+00	0.0000000e+00	0.0000000e+00	0.0000000e+00
si28	28	7.5670392e-05	3.3783202e-04	2.6216163e-04	5.7694989e-05	4.4771992e-05	1.1013168e-01
si29	29	5.3713817e-07	1.4324494e-05	1.3787355e-05	2.4463386e-06	2.3546061e-06	1.6598306e-02
si30	30	1.0513972e-06	1.0453661e-05	9.4022636e-06	1.7852773e-06	1.6057196e-06	4.6035983e-02
p31	31	2.4038715e-07	2.5202774e-06	2.2798902e-06	4.3041325e-07	3.8935991e-07	4.3534404e-02
p32	32	8.6592899e-24	8.6592899e-24	0.0000000e+00	1.4788345e-24	0.0000000e+00	0.0000000e+00
p33	33	5.0743195e-22	5.0743195e-22	0.0000000e+00	8.6659285e-23	0.0000000e+00	0.0000000e+00
s32	32	-2.1579563e-07	1.2541317e-04	1.2562897e-04	2.1418075e-05	2.1454929e-05	-7.4663860e-04
s33	33	3.0114179e-09	1.0402362e-06	1.0372248e-06	1.7765165e-07	1.7713736e-07	1.2590784e-03
s34	34	-9.3056422e-09	6.0230116e-06	6.0323172e-06	1.0286106e-06	1.0301998e-06	-6.7047360e-04
s35	35	4.0803122e-18	4.0803122e-18	0.0000000e+00	6.9683617e-19	0.0000000e+00	0.0000000e+00
s36	36	2.7113795e-08	5.6891025e-08	2.9777230e-08	9.7158555e-09	5.0853586e-09	2.8115947e-01
cl35	35	8.5202361e-08	1.3739587e-06	1.2887564e-06	2.3464482e-07	2.2009395e-07	2.7802863e-02
cl36	36	0.0000000e+00	0.0000000e+00	0.0000000e+00	0.0000000e+00	0.0000000e+00	0.0000000e+00
cl37	37	3.8919515e-08	4.7434831e-07	4.3542880e-07	8.1009257e-08	7.4362578e-08	3.7180212e-02
ar36	36	-1.1732498e-07	2.3881249e-05	2.3998574e-05	4.0784423e-06	4.0984790e-06	-2.1283994e-03
ar37	37	1.2866502e-20	1.2866502e-20	0.0000000e+00	2.1973427e-21	0.0000000e+00	0.0000000e+00
ar38	38	3.5303232e-08	4.6410765e-06	4.6057733e-06	7.9260355e-07	7.8657446e-07	3.3161723e-03
ar39	39	0.0000000e+00	0.0000000e+00	0.0000000e+00	0.0000000e+00	0.0000000e+00	0.0000000e+00
ar40	40	2.2138447e-08	2.9892666e-08	7.7542191e-09	5.1050728e-09	1.3242664e-09	5.8602658e-01
k39	39	1.3718051e-08	1.2631419e-06	1.2494239e-06	2.1571952e-07	2.1337675e-07	4.7423500e-03
k40	40	1.0578233e-09	1.2600950e-09	2.0227174e-10	2.1519916e-10	3.4543991e-11	7.9446807e-01
k41	41	1.0215740e-08	1.0500525e-07	9.4789512e-08	1.7932808e-08	1.6188163e-08	4.4450734e-02
ca40	40	-9.6351463e-08	2.1536139e-05	2.1632490e-05	3.6779441e-06	3.6943990e-06	-1.9386754e-03
ca41	41	0.0000000e+00	0.0000000e+00	0.0000000e+00	0.0000000e+00	0.0000000e+00	0.0000000e+00
ca42	42	3.7848103e-09	1.5538439e-07	1.5159958e-07	2.6536564e-08	2.5890194e-08	1.0709390e-02
ca43	43	1.0709920e-09	3.3455672e-08	3.2384680e-08	5.7135633e-09	5.5306591e-09	1.4130148e-02
ca44	44	3.3007394e-09	5.1535400e-07	5.1205326e-07	8.8012213e-08	8.7448513e-08	2.7905152e-03
ca45	45	2.1216057e-16	2.1216057e-16	0.0000000e+00	3.6232805e-17	0.0000000e+00	0.0000000e+00
ca46	46	5.2621546e-09	6.2886736e-09	1.0265189e-09	1.0739804e-09	1.7530902e-10	7.8719208e-01
ca47	47	8.6046190e-29	8.6046190e-29	0.0000000e+00	1.4694978e-29	0.0000000e+00	0.0000000e+00
ca48	48	5.0407047e-10	5.0580146e-08	5.0076076e-08	8.6380830e-09	8.5519978e-09	4.3497928e-03
sc45	45	2.0337235e-09	1.6480016e-08	1.4446293e-08	2.8144590e-09	2.4671394e-09	5.7201224e-02
sc46	46	5.4981398e-21	5.4981398e-21	0.0000000e+00	9.3897292e-22	0.0000000e+00	0.0000000e+00
sc47	47	4.0325224e-27	4.0325224e-27	0.0000000e+00	6.8867461e-28	0.0000000e+00	0.0000000e+00
sc48	48	9.2338116e-32	9.2031364e-30	9.1107983e-30	1.5717126e-30	1.5559431e-30	4.3794275e-03
ti46	46	-8.6353618e-11	8.8173160e-08	8.8259514e-08	1.5058222e-08	1.5072970e-08	-4.2512424e-04
ti47	47	-6.3980305e-11	8.1259874e-08	8.1323854e-08	1.3877570e-08	1.3888497e-08	-3.4180905e-04
ti48	48	-4.0486981e-09	8.1890411e-07	8.2295281e-07	1.3985253e-07	1.4054397e-07	-2.1418807e-03
ti49	49	2.8728485e-09	6.4524004e-08	6.1651156e-08	1.1019417e-08	1.0528791e-08	1.9780088e-02
ti50	50	4.8121936e-09	6.5047531e-08	6.0235337e-08	1.1108824e-08	1.0286997e-08	3.3379469e-02
v51	51	-9.3311785e-10	1.3181568e-07	1.3274880e-07	2.2511496e-08	2.2670854e-08	-3.0635225e-03
cr52	52	-2.2904212e-08	5.4188521e-06	5.4417563e-06	9.2543216e-07	9.2934374e-07	-1.8317920e-03
cr53	53	-5.4108180e-09	6.2350460e-07	6.2891541e-07	1.0648218e-07	1.0740624e-07	-3.7525798e-03
cr54	54	1.3669899e-08	1.7317391e-07	1.5950401e-07	2.9574660e-08	2.7240113e-08	3.5710853e-02
mn55	55	4.8493951e-08	4.8009002e-06	4.7524063e-06	8.1989827e-07	8.1161647e-07	4.4091198e-03
fe54	54	-2.5289873e-07	3.1061044e-05	3.1313943e-05	5.3046086e-06	5.3477986e-06	-3.5217041e-03
fe55	55	2.7282993e-15	2.7282993e-15	0.0000000e+00	4.6593926e-16	0.0000000e+00	0.0000000e+00
fe56	56	-2.4384646e-06	5.0730385e-04	5.0974231e-04	8.6637407e-05	8.7053848e-05	-2.0825284e-03
fe57	57	1.7435093e-07	1.2156868e-05	1.1982517e-05	2.0761513e-06	2.0463756e-06	6.2736449e-03
fe58	58	4.8991495e-07	2.1125642e-06	1.6226492e-06	3.6078394e-07	2.7711621e-07	1.1458526e-01
fe59	59	1.3523659e-18	1.3523659e-18	0.0000000e+00	2.3095720e-19	0.0000000e+00	0.0000000e+00
fe60	60	0.0000000e+00	0.0000000e+00	0.0000000e+00	0.0000000e+00	0.0000000e+00	0.0000000e+00
co59	59	2.0781269e-07	1.4592095e-06	1.2513968e-06	2.4920396e-07	2.1371368e-07	6.6722605e-02
co60	60	0.0000000e+00	0.0000000e+00	0.0000000e+00	0.0000000e+00	0.0000000e+00	0.0000000e+00
ni58	58	-1.1710465e-07	1.7787779e-05	1.7904884e-05	3.0377988e-06	3.0577980e-06	-2.8497782e-03
ni59	59	0.0000000e+00	0.0000000e+00	0.0000000e+00	0.0000000e+00	0.0000000e+00	0.0000000e+00
ni60	60	6.2166326e-07	7.7564502e-06	7.1347869e-06	1.3246474e-06	1.2184797e-06	3.6282000e-02
ni61	61	1.0913834e-07	4.2446070e-07	3.1532236e-07	7.2489445e-08	5.3850787e-08	1.2908272e-01
ni62	62	4.2893653e-07	1.4507727e-06	1.0218362e-06	2.4776313e-07	1.7450930e-07	1.5221810e-01
ni63	63	0.0000000e+00	0.0000000e+00	0.0000000e+00	0.0000000e+00	0.0000000e+00	0.0000000e+00
ni64	64	3.4289900e-07	6.1152039e-07	2.6862139e-07	1.0443552e-07	4.5875190e-08	3.5727036e-01
cu63	63	1.5190495e-07	3.7362581e-07	2.2172086e-07	6.3807856e-08	3.7865512e-08	2.2663031e-01
cu64	64	2.7654993e-35	2.7654993e-35	0.0000000e+00	4.7229228e-36	0.0000000e+00	0.0000000e+00
cu65	65	6.6958272e-08	1.6892016e-07	1.0196188e-07	2.8848203e-08	1.7413062e-08	2.1924362e-01
zn64	64	-2.6185765e-09	3.7725386e-07	3.7987243e-07	6.4427455e-08	6.4874656e-08	-3.0040903e-03
zn65	65	3.2218043e-17	3.2218043e-17	0.0000000e+00	5.5022010e-18	0.0000000e+00	0.0000000e+00
zn66	66	6.6536006e-08	2.9128414e-07	2.2474813e-07	4.9745537e-08	3.8382511e-08	1.1262075e-01
zn67	67	1.5022640e-08	4.8550072e-08	3.3527432e-08	8.2913867e-09	5.7258186e-09	1.6078959e-01
zn68	68	9.7288235e-08	2.5290476e-07	1.5561652e-07	4.3191102e-08	2.6576207e-08	2.1090129e-01
zn69	69	0.0000000e+00	0.0000000e+00	0.0000000e+00	0.0000000e+00	0.0000000e+00	0.0000000e+00
zn70	70	6.2019989e-10	5.9172639e-09	5.2970640e-09	1.0105510e-09	9.0463317e-10	4.8085717e-02
ga69	69	1.3575538e-08	2.7842314e-08	1.4266776e-08	4.7549135e-09	2.4364816e-09	2.9037949e-01
ga70	70	0.0000000e+00	0.0000000e+00	0.0000000e+00	0.0000000e+00	0.0000000e+00	0.0000000e+00
ga71	71	1.1265858e-08	2.1008845e-08	9.7429864e-09	3.5878928e-09	1.6639083e-09	3.3371007e-01
ge70	70	2.0514786e-08	3.6383571e-08	1.5868785e-08	6.2135902e-09	2.7100728e-09	3.6036165e-01
ge71	71	8.2684485e-24	8.2684485e-24	0.0000000e+00	1.4120866e-24	0.0000000e+00	0.0000000e+00
ge72	72	2.0434998e-08	4.2004624e-08	2.1569626e-08	7.1735543e-09	3.6836631e-09	2.8945448e-01
ge73	73	6.1659522e-09	1.2304136e-08	6.1381842e-09	2.1013018e-09	1.0482798e-09	3.0201122e-01
ge74	74	2.6460374e-08	5.5665172e-08	2.9204798e-08	9.5065041e-09	4.9875986e-09	2.8012935e-01
as75	75	2.3925329e-09	6.6740612e-09	4.2815283e-09	1.1397969e-09	7.3119987e-10	1.9279137e-01
se76	76	8.5110138e-09	1.2968597e-08	4.4575831e-09	2.2147784e-09	7.6126654e-10	4.6379354e-01
se77	77	3.3139338e-09	6.9915469e-09	3.6776131e-09	1.1940172e-09	6.2806317e-10	2.7900724e-01
se78	78	2.1539793e-08	3.3145545e-08	1.1605752e-08	5.6605998e-09	1.9820316e-09	4.5575189e-01
se79	79	0.0000000e+00	0.0000000e+00	0.0000000e+00	0.0000000e+00	0.0000000e+00	0.0000000e+00
se80	80	2.6516413e-08	5.1359581e-08	2.4843168e-08	8.7711948e-09	4.2427190e-09	3.1541449e-01
br79	79	4.7826130e-09	8.7552762e-09	3.9726633e-09	1.4952270e-09	6.7845187e-10	3.4318810e-01
br80	80	0.0000000e+00	0.0000000e+00	0.0000000e+00	0.0000000e+00	0.0000000e+00	0.0000000e+00
br81	81	3.5593473e-09	7.5219158e-09	3.9625684e-09	1.2845936e-09	6.7672787e-10	2.7835169e-01
kr80	80	6.8260858e-11	1.0150375e-09	9.4677667e-10	1.7334822e-10	1.6169062e-10	3.0234552e-02
kr81	81	1.0167948e-11	1.0167948e-11	0.0000000e+00	1.7364832e-12	0.0000000e+00	0.0000000e+00
kr82	82	1.1831743e-08	1.6694377e-08	4.8626338e-09	2.8510676e-09	8.3044114e-10	5.3569865e-01
kr83	83	4.2490804e-09	9.1250065e-09	4.8759261e-09	1.5583696e-09	8.3271119e-10	2.7217607e-01
kr84	84	2.6469205e-08	5.0789081e-08	2.4319877e-08	8.6737649e-09	4.1533512e-09	3.1980899e-01
kr-5	85	5.2710469e-12	5.2710469e-12	0.0000000e+00	9.0018998e-13	0.0000000e+00	0.0000000e+00
kr*5	85	1.6565654e-41	1.6565654e-41	0.0000000e+00	2.8290841e-42	0.0000000e+00	0.0000000e+00
kr86	86	5.3679869e-08	6.1209605e-08	7.5297358e-09	1.0453383e-08	1.2859291e-09	9.1003984e-01
rb85	85	9.4525709e-09	1.5157723e-08	5.7051517e-09	2.5886375e-09	9.7432644e-10	4.2436676e-01
rb86	86	0.0000000e+00	0.0000000e+00	0.0000000e+00	0.0000000e+00	0.0000000e+00	0.0000000e+00
rb87	87	1.4665285e-08	1.7068490e-08	2.4032044e-09	2.9149585e-09	4.1041951e-10	8.5140439e-01
sr86	86	3.9545201e-09	5.7964164e-09	1.8418963e-09	9.8991264e-10	3.1455926e-10	4.9789440e-01
sr87	87	1.6539920e-09	2.9561550e-09	1.3021631e-09	5.0485248e-10	2.2238355e-10	3.5606183e-01
sr88	88	2.4943761e-08	4.0735105e-08	1.5791344e-08	6.9567457e-09	2.6968474e-09	4.1154976e-01
sr89	89	1.7056792e-19	1.7056792e-19	0.0000000e+00	2.9129608e-20	0.0000000e+00	0.0000000e+00
sr90	90	4.2475568e-12	4.2475568e-12	0.0000000e+00	7.2539822e-13	0.0000000e+00	0.0000000e+00
y89	89	5.7862421e-09	9.9160861e-09	4.1298440e-09	1.6934703e-09	7.0529521e-10	3.8040664e-01
y90	90	1.0741744e-15	1.0741744e-15	0.0000000e+00	1.8344762e-16	0.0000000e+00	0.0000000e+00
y91	91	1.1561425e-19	1.1561425e-19	0.0000000e+00	1.9744614e-20	0.0000000e+00	0.0000000e+00
zr90	90	3.7867425e-09	8.2760231e-09	4.4892806e-09	1.4133801e-09	7.6667984e-10	2.6564494e-01
zr91	91	1.0677487e-09	2.0576397e-09	9.8989100e-10	3.5140394e-10	1.6905369e-10	3.1778197e-01
zr92	92	1.9856085e-09	3.5152773e-09	1.5296688e-09	6.0033944e-10	2.6123700e-10	3.6136219e-01
zr93	93	0.0000000e+00	0.0000000e+00	0.0000000e+00	0.0000000e+00	0.0000000e+00	0.0000000e+00
zr94	94	1.8365723e-09	3.4204473e-09	1.5838750e-09	5.8414436e-10	2.7049434e-10	3.3436200e-01
zr95	95	1.9259214e-19	1.9259214e-19	0.0000000e+00	3.2890906e-20	0.0000000e+00	0.0000000e+00
zr96	96	2.1979356e-09	2.4585373e-09	2.6060173e-10	4.1986927e-10	4.4505592e-11	9.7469951e-01
nb93	93	6.0009643e-10	1.2840636e-09	6.8396713e-10	2.1929252e-10	1.1680798e-10	2.7355129e-01
nb94	94	7.0881646e-15	7.0881646e-15	0.0000000e+00	1.2105175e-15	0.0000000e+00	0.0000000e+00
nb95	95	2.3025217e-19	2.3025217e-19	0.0000000e+00	3.9322490e-20	0.0000000e+00	0.0000000e+00
mo94	94	8.3257299e-12	2.2268679e-10	2.1436106e-10	3.8030475e-11	3.6608605e-11	1.6548559e-02
mo95	95	2.9078853e-10	6.6575208e-10	3.7496355e-10	1.1369721e-10	6.4036317e-11	2.4932348e-01
mo96	96	3.0551391e-10	7.0436121e-10	3.9884730e-10	1.2029088e-10	6.8115185e-11	2.4698878e-01
mo97	97	1.5006556e-10	3.8209744e-10	2.3203188e-10	6.5254644e-11	3.9626430e-11	2.1662647e-01
mo98	98	4.2135382e-10	1.0170351e-09	5.9568124e-10	1.7368936e-10	1.0173051e-10	2.3232200e-01
tc99	99	0.0000000e+00	0.0000000e+00	0.0000000e+00	0.0000000e+00	0.0000000e+00	0.0000000e+00
ru99	99	4.8415041e-11	2.5640105e-10	2.0798601e-10	4.3788199e-11	3.5519873e-11	9.0885678e-02
ru100	100	1.8302038e-10	3.9047229e-10	2.0745190e-10	6.6684900e-11	3.5428659e-11	2.7467279e-01
ru101	101	2.7557312e-11	3.1124969e-10	2.8369238e-10	5.3155256e-11	4.8449015e-11	4.0261260e-02
ru102	102	2.2291756e-10	7.5276603e-10	5.2984847e-10	1.2855747e-10	9.0487580e-11	1.5250833e-01
rh103	103	2.6438173e-11	3.6480154e-10	3.3836337e-10	6.2300848e-11	5.7785734e-11	3.2673325e-02
pd104	104	1.1999961e-10	2.6806866e-10	1.4806905e-10	4.5780796e-11	2.5287248e-11	2.5778176e-01
pd105	105	1.6829492e-11	3.1648727e-10	2.9965777e-10	5.4049730e-11	5.1175588e-11	2.3730691e-02
pd106	106	1.2529528e-10	4.9554392e-10	3.7024864e-10	8.4629045e-11	6.3231104e-11	1.2658868e-01
pd107	107	0.0000000e+00	0.0000000e+00	0.0000000e+00	0.0000000e+00	0.0000000e+00	0.0000000e+00
pd108	108	1.4139088e-10	5.0661411e-10	3.6522323e-10	8.6519614e-11	6.2372864e-11	1.4211889e-01
ag107	107	1.8579562e-11	2.7010891e-10	2.5152935e-10	4.6129229e-11	4.2956209e-11	3.0950245e-02
ag108	108	0.0000000e+00	0.0000000e+00	0.0000000e+00	0.0000000e+00	0.0000000e+00	0.0000000e+00
ag109	109	2.9866450e-11	2.6791574e-10	2.3804929e-10	4.5754680e-11	4.0654084e-11	5.1331339e-02
cd108	108	6.1865100e-12	2.0290959e-11	1.4104449e-11	3.4652923e-12	2.4087594e-12	1.5794644e-01
cd109	109	8.9451878e-23	8.9451878e-23	0.0000000e+00	1.5276602e-23	0.0000000e+00	0.0000000e+00
cd110	110	1.2267399e-10	3.2427821e-10	2.0160422e-10	5.5380268e-11	3.4429991e-11	2.0641814e-01
cd111	111	3.3334825e-11	2.4181984e-10	2.0848501e-10	4.1298019e-11	3.5605094e-11	6.4417084e-02
cd112	112	1.4274357e-10	5.3931426e-10	3.9657069e-10	9.2104149e-11	6.7726387e-11	1.3352129e-01
cd113	113	3.8159443e-11	2.4078467e-10	2.0262523e-10	4.1121232e-11	3.4604358e-11	7.4935318e-02
cd114	114	1.9610783e-10	6.7672576e-10	4.8061793e-10	1.1557130e-10	8.2079983e-11	1.4861274e-01
in115	115	3.3453469e-11	2.1467359e-10	1.8122012e-10	3.6661979e-11	3.0948792e-11	7.3572204e-02
sn116	116	2.5624152e-10	8.2322234e-10	5.6698082e-10	1.4059000e-10	9.6829047e-11	1.6194878e-01
sn117	117	6.9825174e-11	3.7188651e-10	3.0206133e-10	6.3510818e-11	5.1586068e-11	9.0315287e-02
sn118	118	3.3911859e-10	1.2601968e-09	9.2107819e-10	2.1521655e-10	1.5730184e-10	1.3614187e-01
sn119	119	9.3092229e-11	4.3671795e-10	3.4362572e-10	7.4582739e-11	5.8684438e-11	1.0411538e-01
sn120	120	4.7893763e-10	1.7931888e-09	1.3142512e-09	3.0624099e-10	2.2444796e-10	1.3494764e-01
sb121	121	3.1097602e-11	2.3377491e-10	2.0267731e-10	3.9924105e-11	3.4613253e-11	6.1992772e-02
te122	122	6.0654323e-11	1.9537951e-10	1.3472519e-10	3.3366935e-11	2.3008383e-11	1.6143022e-01
te123	123	2.1533498e-11	6.8940578e-11	4.7407080e-11	1.1773679e-11	8.0961863e-12	1.6263171e-01
te124	124	1.0692795e-10	3.6146245e-10	2.5453449e-10	6.1730596e-11	4.3469429e-11	1.5231654e-01
te125	125	2.6722736e-11	4.0943699e-10	3.8271425e-10	6.9923694e-11	6.5359982e-11	2.9312438e-02
te126	126	1.9194688e-10	1.2199352e-09	1.0279883e-09	2.0834067e-10	1.7555996e-10	7.4348581e-02
i127	127	-1.5520941e-11	1.2737631e-09	1.2892841e-09	2.1753341e-10	2.2018408e-10	-5.2599433e-03
xe128	128	9.0701521e-11	2.2995393e-10	1.3925241e-10	3.9271557e-11	2.3781541e-11	2.1783812e-01
xe129	129	-3.0417172e-11	1.7177310e-09	1.7481481e-09	2.9335428e-10	2.9854893e-10	-7.6230870e-03
xe130	130	1.5903797e-10	4.4189442e-10	2.8285645e-10	7.5466777e-11	4.8306255e-11	1.9375243e-01
xe131	131	1.2806575e-11	1.4257971e-09	1.4129905e-09	2.4349778e-10	2.4131067e-10	3.9184775e-03
xe132	132	2.2382419e-10	1.9639844e-09	1.7401602e-09	3.3540947e-10	2.9718475e-10	5.2548802e-02
xe133	133	3.7088595e-28	3.7088595e-28	0.0000000e+00	6.3339943e-29	0.0000000e+00	0.0000000e+00
xe134	134	1.8027757e-10	8.3257041e-10	6.5229284e-10	1.4218647e-10	1.1139864e-10	1.0597836e-01
cs133	133	2.3105563e-11	4.8061229e-10	4.5750673e-10	8.2079020e-11	7.8133050e-11	2.1397388e-02
cs134	134	1.9562998e-15	1.9562998e-15	0.0000000e+00	3.3409710e-16	0.0000000e+00	0.0000000e+00
cs135	135	0.0000000e+00	0.0000000e+00	0.0000000e+00	0.0000000e+00	0.0000000e+00	0.0000000e+00
cs136	136	3.6207994e-25	3.6207994e-25	0.0000000e+00	6.1836053e-26	0.0000000e+00	0.0000000e+00
cs137	137	0.0000000e+00	0.0000000e+00	0.0000000e+00	0.0000000e+00	0.0000000e+00	0.0000000e+00
ba134	134	3.1986616e-11	1.7224265e-10	1.4025603e-10	2.9415619e-11	2.3952941e-11	8.9219146e-02
ba135	135	9.3749061e-11	4.7913403e-10	3.8538497e-10	8.1826563e-11	6.5816088e-11	9.4562244e-02
ba136	136	1.7867153e-10	6.4124207e-10	4.6257053e-10	1.0951139e-10	7.8997847e-11	1.4184404e-01
ba137	137	6.1586956e-10	1.2822312e-09	6.6636160e-10	2.1897958e-10	1.1380131e-10	2.8425636e-01
ba138	138	8.4803732e-10	5.1328373e-09	4.2847999e-09	8.7658651e-10	7.3175861e-10	7.8426946e-02
la139	139	8.1119221e-11	6.6881789e-10	5.8769867e-10	1.1422079e-10	1.0036724e-10	5.6153174e-02
ce140	140	1.5008610e-10	1.4970733e-09	1.3469872e-09	2.5567034e-10	2.3003862e-10	4.5879596e-02
ce141	141	3.0025846e-23	3.0025846e-23	0.0000000e+00	5.1278172e-24	0.0000000e+00	0.0000000e+00
ce142	142	2.4981097e-11	1.9665367e-10	1.7167258e-10	3.3584536e-11	2.9318261e-11	5.9001139e-02
pr141	141	1.3984004e-11	2.4613266e-10	2.3214866e-10	4.2034563e-11	3.9646373e-11	2.5403071e-02
nd142	142	2.1125761e-11	3.3080158e-10	3.0967582e-10	5.6494330e-11	5.2886470e-11	2.8660280e-02
nd143	143	3.5314091e-12	1.4217157e-10	1.3864016e-10	2.4280076e-11	2.3676982e-11	1.0923706e-02
nd144	144	1.5752656e-11	2.9129568e-10	2.7554302e-10	4.9747508e-11	4.7057268e-11	2.4144624e-02
nd145	145	1.1290683e-12	1.0359179e-10	1.0246273e-10	1.7691418e-11	1.7498596e-11	4.7594495e-03
nd146	146	1.4238941e-11	2.1591563e-10	2.0167669e-10	3.6874094e-11	3.4442367e-11	2.9628379e-02
nd147	147	8.0664662e-27	8.0664662e-27	0.0000000e+00	1.3775920e-27	0.0000000e+00	0.0000000e+00
nd148	148	1.8408501e-12	7.0060489e-11	6.8219639e-11	1.1964938e-11	1.1650557e-11	1.1563748e-02
pm147	147	2.7951700e-16	2.7951700e-16	0.0000000e+00	4.7735943e-17	0.0000000e+00	0.0000000e+00
pm148	148	1.8933491e-29	1.8933491e-29	0.0000000e+00	3.2334637e-30	0.0000000e+00	0.0000000e+00
sm147	147	-1.1690499e-13	5.4794723e-11	5.4911628e-11	9.3578488e-12	9.3778138e-12	-9.2558385e-04
sm148	148	3.6352561e-12	4.5089894e-11	4.1454638e-11	7.7004571e-12	7.0796277e-12	3.6506088e-02
sm149	149	-1.7421319e-12	4.9572289e-11	5.1314421e-11	8.4659609e-12	8.7634824e-12	-1.5000460e-02
sm150	150	4.9222203e-12	3.2508564e-11	2.7586344e-11	5.5518161e-12	4.7111988e-12	7.1303643e-02
sm151	151	3.0791486e-15	3.0791486e-15	0.0000000e+00	5.2585734e-16	0.0000000e+00	0.0000000e+00
sm152	152	2.0696452e-12	1.0339102e-10	1.0132137e-10	1.7657130e-11	1.7303675e-11	8.7817460e-03
eu151	151	-3.3122772e-12	6.3525660e-11	6.6837937e-11	1.0848919e-11	1.1414590e-11	-2.2073852e-02
eu152	152	6.0775419e-19	6.0775419e-19	0.0000000e+00	1.0379233e-19	0.0000000e+00	0.0000000e+00
eu153	153	-2.6105689e-12	7.1318165e-11	7.3928734e-11	1.2179724e-11	1.2625557e-11	-1.5613108e-02
eu154	154	1.7871294e-16	1.7871294e-16	0.0000000e+00	3.0520616e-17	0.0000000e+00	0.0000000e+00
eu155	155	3.1166876e-16	3.1166876e-16	0.0000000e+00	5.3226825e-17	0.0000000e+00	0.0000000e+00
gd152	152	5.6624065e-13	1.5421917e-12	9.7595107e-13	2.6337567e-13	1.6667303e-13	1.9871032e-01
gd153	153	6.3829207e-24	6.3829207e-24	0.0000000e+00	1.0900759e-24	0.0000000e+00	0.0000000e+00
gd154	154	3.4320609e-12	1.4209707e-11	1.0777646e-11	2.4267353e-12	1.8406075e-12	1.2006121e-01
gd155	155	-2.1525742e-12	7.1490061e-11	7.3642635e-11	1.2209081e-11	1.2576697e-11	-1.2883653e-02
gd156	156	2.8142009e-12	1.0532822e-10	1.0251402e-10	1.7987965e-11	1.7507356e-11	1.1761484e-02
gd157	157	-8.2010641e-13	7.8056741e-11	7.8876848e-11	1.3330539e-11	1.3470597e-11	-4.5391294e-03
gd158	158	6.0953453e-12	1.3209062e-10	1.2599528e-10	2.2558451e-11	2.1517488e-11	2.0517720e-02
tb159	159	-2.5304373e-12	9.2514447e-11	9.5044884e-11	1.5799627e-11	1.6231776e-11	-1.1719189e-02
dy160	160	4.4291421e-12	1.8811454e-11	1.4382312e-11	3.2126222e-12	2.4562128e-12	1.1659366e-01
dy161	161	-4.6875122e-12	1.1268896e-10	1.1737648e-10	1.9245034e-11	2.0045567e-11	-1.7699681e-02
dy162	162	3.9009858e-12	1.6318788e-10	1.5928690e-10	2.7869244e-11	2.7203034e-11	1.0507856e-02
dy163	163	-3.2368306e-12	1.5338734e-10	1.5662417e-10	2.6195507e-11	2.6748293e-11	-9.0692679e-03
dy164	164	9.7492466e-12	1.8862733e-10	1.7887809e-10	3.2213797e-11	3.0548820e-11	2.3047484e-02
ho165	165	-3.8467098e-12	1.3547920e-10	1.3932591e-10	2.3137152e-11	2.3794094e-11	-1.2159264e-02
er166	166	3.3042049e-12	1.3565955e-10	1.3235535e-10	2.3167953e-11	2.2603661e-11	1.0708887e-02
er167	167	-1.3449044e-12	8.9544426e-11	9.0889331e-11	1.5292407e-11	1.5522090e-11	-6.4743468e-03
er168	168	6.7884335e-12	1.1465015e-10	1.0786171e-10	1.9579965e-11	1.8420636e-11	2.6507300e-02
er169	169	2.7657276e-27	2.7657276e-27	0.0000000e+00	4.7233126e-28	0.0000000e+00	0.0000000e+00
er170	170	7.4218780e-13	6.1064033e-11	6.0321845e-11	1.0428522e-11	1.0301771e-11	5.3108663e-03
tm169	169	-6.8113639e-13	6.3062097e-11	6.3743233e-11	1.0769752e-11	1.0886076e-11	-4.6656812e-03
tm170	170	1.4684618e-19	1.4684618e-19	0.0000000e+00	2.5078408e-20	0.0000000e+00	0.0000000e+00
tm171	171	1.5786836e-16	1.5786836e-16	0.0000000e+00	2.6960777e-17	0.0000000e+00	0.0000000e+00
yb170	170	3.2169332e-12	1.5272940e-11	1.2056006e-11	2.6083143e-12	2.0589261e-12	1.0271916e-01
yb171	171	7.2300014e-13	5.8062721e-11	5.7339720e-11	9.9159578e-12	9.7924838e-12	5.4418100e-03
yb172	172	4.5114162e-12	9.3294413e-11	8.8782997e-11	1.5932830e-11	1.5162370e-11	2.1525836e-02
yb173	173	5.0653442e-13	6.6791739e-11	6.6285204e-11	1.1406700e-11	1.1320194e-11	3.3061500e-03
yb174	174	8.2611459e-12	1.4089553e-10	1.3263438e-10	2.4062154e-11	2.2651315e-11	2.6241090e-02
lu175	175	-1.1810257e-12	5.8681806e-11	5.9862832e-11	1.0021685e-11	1.0223381e-11	-8.6537855e-03
lu176	176	1.8208045e-12	3.5681614e-12	1.7473569e-12	6.0937100e-13	2.9841381e-13	3.1006287e-01
lu177	177	2.3930925e-28	2.3930925e-28	0.0000000e+00	4.0869261e-29	0.0000000e+00	0.0000000e+00
hf176	176	-4.6163270e-13	1.2983115e-11	1.3444748e-11	2.2172578e-12	2.2960955e-12	-1.5173753e-02
hf177	177	-4.5718303e-13	4.7867638e-11	4.8324821e-11	8.1748405e-12	8.2529183e-12	-4.1282563e-03
hf178	178	4.9487824e-12	7.6247390e-11	7.1298608e-11	1.3021538e-11	1.2176384e-11	2.9143933e-02
hf179	179	8.7070271e-13	3.6669274e-11	3.5798571e-11	6.2623827e-12	6.1136840e-12	1.0436617e-02
hf180	180	7.4198475e-12	1.0012852e-10	9.2708668e-11	1.7099959e-11	1.5832797e-11	3.3437436e-02
ta181	181	3.4094955e-13	3.9620819e-11	3.9279869e-11	6.7664478e-12	6.7082204e-12	3.7534129e-03
ta182	182	7.4906147e-24	7.4906147e-24	0.0000000e+00	1.2792480e-24	0.0000000e+00	0.0000000e+00
ta183	183	1.3199042e-32	1.3199042e-32	0.0000000e+00	2.2541338e-33	0.0000000e+00	0.0000000e+00
w182	182	2.3589212e-12	6.3998869e-11	6.1639948e-11	1.0929734e-11	1.0526877e-11	1.6310037e-02
w183	183	1.3482371e-12	3.4816413e-11	3.3468176e-11	5.9459509e-12	5.7156988e-12	1.7151982e-02
w184	184	4.1402059e-12	7.6190111e-11	7.2049905e-11	1.3011756e-11	1.2304691e-11	2.4265193e-02
w185	185	6.2204804e-21	6.2204804e-21	0.0000000e+00	1.0623343e-21	0.0000000e+00	0.0000000e+00
w186	186	3.3938212e-12	7.0976592e-11	6.7582771e-11	1.2121390e-11	1.1541793e-11	2.1279149e-02
re185	185	-1.7975723e-14	3.4331606e-11	3.4349582e-11	5.8631554e-12	5.8662253e-12	-2.2733321e-04
re186	186	1.7613737e-30	1.7613737e-30	0.0000000e+00	3.0080760e-31	0.0000000e+00	0.0000000e+00
re187	187	-1.9353865e-12	6.0705213e-11	6.2640599e-11	1.0367243e-11	1.0697768e-11	-1.3629918e-02
os186	186	1.5736370e-12	2.0612173e-11	1.9038536e-11	3.5201492e-12	3.2514033e-12	3.4490229e-02
os187	187	-4.3185166e-14	1.5180618e-11	1.5223803e-11	2.5925475e-12	2.5999227e-12	-1.2337083e-03
os188	188	1.4159476e-12	1.6201977e-10	1.6060382e-10	2.7669754e-11	2.7427939e-11	3.8121339e-03
os189	189	-7.6422796e-12	1.8921502e-10	1.9685730e-10	3.2314161e-11	3.3619311e-11	-1.7195916e-02
os190	190	5.6416087e-12	3.2747019e-10	3.2182859e-10	5.5925396e-11	5.4961921e-11	7.5471610e-03
os191	191	5.7241146e-26	5.7241146e-26	0.0000000e+00	9.7756492e-27	0.0000000e+00	0.0000000e+00
os192	192	-7.7702401e-12	4.9732641e-10	5.0509665e-10	8.4933460e-11	8.6260462e-11	-6.7329656e-03
ir191	191	-1.7706835e-11	4.0817127e-10	4.2587810e-10	6.9707534e-11	7.2731509e-11	-1.8442880e-02
ir192	192	4.2539295e-21	4.2539295e-21	0.0000000e+00	7.2648655e-22	0.0000000e+00	0.0000000e+00
ir193	193	-2.3693968e-11	6.9969564e-10	7.2338961e-10	1.1949410e-10	1.2354056e-10	-1.4463098e-02
pt192	192	1.5684823e-11	3.3593415e-11	1.7908592e-11	5.7370871e-12	3.0584314e-12	2.7319271e-01
pt193	193	2.9063085e-16	2.9063085e-16	0.0000000e+00	4.9633969e-17	0.0000000e+00	0.0000000e+00
pt194	194	1.4107452e-11	7.7694477e-10	7.6283732e-10	1.3268671e-10	1.3027744e-10	7.9582171e-03
pt195	195	-1.6233134e-11	7.7063230e-10	7.8686544e-10	1.3160867e-10	1.3438097e-10	-9.0532599e-03
pt196	196	2.6835426e-11	6.1693900e-10	5.9010357e-10	1.0536091e-10	1.0077795e-10	1.9313980e-02
au197	197	-3.9621963e-12	3.5167875e-10	3.5564095e-10	6.0059736e-11	6.0736400e-11	-4.8656300e-03
hg198	198	1.7546621e-11	1.0109193e-10	8.3545310e-11	1.7264491e-11	1.4267877e-11	8.2794416e-02
hg199	199	6.9960874e-13	1.4277354e-10	1.4207393e-10	2.4382881e-11	2.4263401e-11	2.1333300e-03
hg200	200	9.1665264e-12	2.0468496e-10	1.9551844e-10	3.4956120e-11	3.3390660e-11	1.9898223e-02
hg201	201	2.2693680e-12	1.1438580e-10	1.1211643e-10	1.9534819e-11	1.9147256e-11	8.7028458e-03
hg202	202	1.1335623e-11	2.6660121e-10	2.5526558e-10	4.5530184e-11	4.3594285e-11	1.8869846e-02
tl203	203	5.9702717e-12	1.0694321e-10	1.0097294e-10	1.8263774e-11	1.7244170e-11	2.4948220e-02
tl204	204	0.0000000e+00	0.0000000e+00	0.0000000e+00	0.0000000e+00	0.0000000e+00	0.0000000e+00
tl205	205	1.2889148e-11	2.5630094e-10	2.4341179e-10	4.3771102e-11	4.1569892e-11	2.2408586e-02
pb204	204	3.4577649e-12	1.3126325e-10	1.2780549e-10	2.2417153e-11	2.1826635e-11	1.1593660e-02
pb205	205	0.0000000e+00	0.0000000e+00	0.0000000e+00	0.0000000e+00	0.0000000e+00	0.0000000e+00
pb206	206	3.6624391e-11	1.2375462e-09	1.2009218e-09	2.1134827e-10	2.0509355e-10	1.3046690e-02
pb207	207	4.0081876e-11	1.3754760e-09	1.3353941e-09	2.3490394e-10	2.2805875e-10	1.2843556e-02
pb208	208	9.2018307e-11	3.9327520e-09	3.8407337e-09	6.7163582e-10	6.5592093e-10	1.0282365e-02
bi209	209	4.8084320e-12	2.7192223e-10	2.6711380e-10	4.6438908e-11	4.5617724e-11	7.7483908e-03
bi210	210	0.0000000e+00	0.0000000e+00	0.0000000e+00	0.0000000e+00	0.0000000e+00	0.0000000e+00
po210	210	0.0000000e+00	0.0000000e+00	0.0000000e+00	0.0000000e+00	0.0000000e+00	0.0000000e+00
