#  species  A   yield		mass(i)_lost	mass(i)_0	<X(i)>		X0(i)		log10(<X(i)>/X0(i))
n	1	0.0000000e+00	0.0000000e+00	0.0000000e+00	0.0000000e+00	0.0000000e+00	0.0000000e+00
p	1	-3.7437869e-02	6.0194025e-01	6.3937812e-01	7.0514319e-01	7.4899980e-01	-2.6204385e-02
d	2	-1.9708757e-06	8.0881166e-07	2.7796873e-06	9.4748280e-07	3.2562660e-06	-5.3614854e-01
he3	3	2.0743117e-04	2.2511181e-04	1.7680641e-05	2.6370734e-04	2.0711995e-05	1.1049003e+00
he4	4	3.1429256e-02	2.4483986e-01	2.1341061e-01	2.8681777e-01	2.4999996e-01	5.9666126e-02
li7	7	-1.1923908e-10	3.7174757e-10	4.9098665e-10	4.3548386e-10	5.7516654e-10	-1.2082154e-01
be7	7	5.8186267e-13	5.8186267e-13	0.0000000e+00	6.8162330e-13	0.0000000e+00	0.0000000e+00
b8	8	1.2387117e-26	1.2387117e-26	0.0000000e+00	1.4510894e-26	0.0000000e+00	0.0000000e+00
c12	12	4.9328666e-03	5.0790170e-03	1.4615041e-04	5.9498169e-03	1.7120796e-04	1.5409796e+00
c13	13	3.0356011e-06	4.8058506e-06	1.7702495e-06	5.6298159e-06	2.0737596e-06	4.3373578e-01
c14	14	4.6369256e-09	4.6369256e-09	0.0000000e+00	5.4319287e-09	0.0000000e+00	0.0000000e+00
n13	13	0.0000000e+00	0.0000000e+00	0.0000000e+00	0.0000000e+00	0.0000000e+00	0.0000000e+00
n14	14	8.0869011e-05	1.2405990e-04	4.3190889e-05	1.4533003e-04	5.0595987e-05	4.5823928e-01
n15	15	-1.1360014e-08	9.2024619e-08	1.0338463e-07	1.0780228e-07	1.2110998e-07	-5.0551961e-02
o14	14	0.0000000e+00	0.0000000e+00	0.0000000e+00	0.0000000e+00	0.0000000e+00	0.0000000e+00
o15	15	0.0000000e+00	0.0000000e+00	0.0000000e+00	0.0000000e+00	0.0000000e+00	0.0000000e+00
o16	16	2.1453203e-04	5.7208755e-04	3.5755552e-04	6.7017223e-04	4.1885858e-04	2.0411901e-01
o17	17	1.6462264e-06	1.7905523e-06	1.4432588e-07	2.0975433e-06	1.6907062e-07	1.0936428e+00
o18	18	-2.4785120e-07	5.5856426e-07	8.0641546e-07	6.5433036e-07	9.4467577e-07	-1.5948570e-01
o19	19	0.0000000e+00	0.0000000e+00	0.0000000e+00	0.0000000e+00	0.0000000e+00	0.0000000e+00
f17	17	0.0000000e+00	0.0000000e+00	0.0000000e+00	0.0000000e+00	0.0000000e+00	0.0000000e+00
f18	18	0.0000000e+00	0.0000000e+00	0.0000000e+00	0.0000000e+00	0.0000000e+00	0.0000000e+00
f19	19	7.2711640e-07	7.4796240e-07	2.0846003e-08	8.7620091e-07	2.4420060e-08	1.5548570e+00
f20	20	0.0000000e+00	0.0000000e+00	0.0000000e+00	0.0000000e+00	0.0000000e+00	0.0000000e+00
ne19	19	0.0000000e+00	0.0000000e+00	0.0000000e+00	0.0000000e+00	0.0000000e+00	0.0000000e+00
ne20	20	3.8984877e-06	7.6260045e-05	7.2361557e-05	8.9334865e-05	8.4767980e-05	2.2789153e-02
ne21	21	2.9793921e-07	4.8007234e-07	1.8213313e-07	5.6238096e-07	2.1335994e-07	4.2091774e-01
ne22	22	5.5153990e-04	5.5739267e-04	5.8527658e-06	6.5295790e-04	6.8562252e-06	1.9788001e+00
ne23	23	0.0000000e+00	0.0000000e+00	0.0000000e+00	0.0000000e+00	0.0000000e+00	0.0000000e+00
na21	21	0.0000000e+00	0.0000000e+00	0.0000000e+00	0.0000000e+00	0.0000000e+00	0.0000000e+00
na22	22	0.0000000e+00	0.0000000e+00	0.0000000e+00	0.0000000e+00	0.0000000e+00	0.0000000e+00
na23	23	6.5195812e-06	8.1867506e-06	1.6671693e-06	9.5903728e-06	1.9530063e-06	6.9113185e-01
na24	24	0.0000000e+00	0.0000000e+00	0.0000000e+00	0.0000000e+00	0.0000000e+00	0.0000000e+00
mg23	23	0.0000000e+00	0.0000000e+00	0.0000000e+00	0.0000000e+00	0.0000000e+00	0.0000000e+00
mg24	24	4.3926494e-06	3.8909850e-05	3.4517200e-05	4.5580962e-05	4.0435190e-05	5.2023991e-02
mg25	25	1.2134746e-06	5.7653805e-06	4.5519059e-06	6.7538577e-06	5.3323323e-06	1.0263470e-01
mg26	26	8.8687775e-07	6.0990814e-06	5.2122037e-06	7.1447718e-06	6.1058384e-06	6.8243053e-02
mg27	27	0.0000000e+00	0.0000000e+00	0.0000000e+00	0.0000000e+00	0.0000000e+00	0.0000000e+00
al25	25	0.0000000e+00	0.0000000e+00	0.0000000e+00	0.0000000e+00	0.0000000e+00	0.0000000e+00
al-6	26	0.0000000e+00	0.0000000e+00	0.0000000e+00	0.0000000e+00	0.0000000e+00	0.0000000e+00
al*6	26	0.0000000e+00	0.0000000e+00	0.0000000e+00	0.0000000e+00	0.0000000e+00	0.0000000e+00
al27	27	3.7501991e-07	3.5490842e-06	3.1740643e-06	4.1575763e-06	3.7182591e-06	4.8500584e-02
al28	28	0.0000000e+00	0.0000000e+00	0.0000000e+00	0.0000000e+00	0.0000000e+00	0.0000000e+00
si27	27	0.0000000e+00	0.0000000e+00	0.0000000e+00	0.0000000e+00	0.0000000e+00	0.0000000e+00
si28	28	1.1692521e-07	3.8336204e-05	3.8219279e-05	4.4908964e-05	4.4771992e-05	1.3266199e-03
si29	29	1.7002232e-08	2.0269942e-06	2.0099920e-06	2.3745234e-06	2.3546061e-06	3.6581841e-03
si30	30	4.8281857e-08	1.4189925e-06	1.3707106e-06	1.6622794e-06	1.6057196e-06	1.5034315e-02
p31	31	7.7738319e-08	4.1011252e-07	3.3237420e-07	4.8042650e-07	3.8935991e-07	9.1275723e-02
p32	32	0.0000000e+00	0.0000000e+00	0.0000000e+00	0.0000000e+00	0.0000000e+00	0.0000000e+00
p33	33	0.0000000e+00	0.0000000e+00	0.0000000e+00	0.0000000e+00	0.0000000e+00	0.0000000e+00
s32	32	-5.3575744e-08	1.8261265e-05	1.8314841e-05	2.1392168e-05	2.1454929e-05	-1.2722878e-03
s33	33	3.1587711e-09	1.5437076e-07	1.5121199e-07	1.8083770e-07	1.7713736e-07	8.9788163e-03
s34	34	1.5115163e-08	8.9453758e-07	8.7942241e-07	1.0479065e-06	1.0301998e-06	7.4010582e-03
s35	35	0.0000000e+00	0.0000000e+00	0.0000000e+00	0.0000000e+00	0.0000000e+00	0.0000000e+00
s36	36	3.2140518e-09	7.5551304e-09	4.3410786e-09	8.8504610e-09	5.0853586e-09	2.4064431e-01
cl35	35	-1.6022226e-09	1.8627935e-07	1.8788157e-07	2.1821703e-07	2.2009395e-07	-3.7194728e-03
cl36	36	0.0000000e+00	0.0000000e+00	0.0000000e+00	0.0000000e+00	0.0000000e+00	0.0000000e+00
cl37	37	1.4489395e-08	7.7968458e-08	6.3479063e-08	9.1336187e-08	7.4362578e-08	8.9288440e-02
ar36	36	-3.3412865e-08	3.4652234e-06	3.4986362e-06	4.0593375e-06	4.0984790e-06	-4.1675551e-03
ar37	37	0.0000000e+00	0.0000000e+00	0.0000000e+00	0.0000000e+00	0.0000000e+00	0.0000000e+00
ar38	38	1.0879570e-08	6.8233303e-07	6.7145346e-07	7.9931934e-07	7.8657446e-07	6.9804785e-03
ar39	39	0.0000000e+00	0.0000000e+00	0.0000000e+00	0.0000000e+00	0.0000000e+00	0.0000000e+00
ar40	40	3.1974765e-09	4.3279267e-09	1.1304502e-09	5.0699517e-09	1.3242664e-09	5.8302846e-01
k39	39	1.7965391e-09	1.8394402e-07	1.8214748e-07	2.1548130e-07	2.1337675e-07	4.2625044e-03
k40	40	6.2616574e-10	6.5565396e-10	2.9488218e-11	7.6806613e-10	3.4543986e-11	1.3470262e+00
k41	41	1.9240863e-09	1.5742992e-08	1.3818905e-08	1.8442135e-08	1.6188163e-08	5.6613623e-02
ca40	40	-2.6833663e-08	3.1268627e-06	3.1536963e-06	3.6629647e-06	3.6943990e-06	-3.7110654e-03
ca41	41	0.0000000e+00	0.0000000e+00	0.0000000e+00	0.0000000e+00	0.0000000e+00	0.0000000e+00
ca42	42	1.4787705e-09	2.3579742e-08	2.2100972e-08	2.7622500e-08	2.5890194e-08	2.8127683e-02
ca43	43	3.1430086e-10	5.0355070e-09	4.7212062e-09	5.8988470e-09	5.5306591e-09	2.7990241e-02
ca44	44	1.0374749e-09	7.5687249e-08	7.4649774e-08	8.8663863e-08	8.7448513e-08	5.9942225e-03
ca45	45	0.0000000e+00	0.0000000e+00	0.0000000e+00	0.0000000e+00	0.0000000e+00	0.0000000e+00
ca46	46	1.1619812e-09	1.3116325e-09	1.4965124e-10	1.5365125e-09	1.7530902e-10	9.4273183e-01
ca47	47	0.0000000e+00	0.0000000e+00	0.0000000e+00	0.0000000e+00	0.0000000e+00	0.0000000e+00
ca48	48	-1.9389921e-11	7.2809595e-09	7.3003495e-09	8.5292834e-09	8.5519978e-09	-1.1550322e-03
sc45	45	3.1330472e-10	2.4193600e-09	2.1060553e-09	2.8341604e-09	2.4671394e-09	6.0230730e-02
sc46	46	0.0000000e+00	0.0000000e+00	0.0000000e+00	0.0000000e+00	0.0000000e+00	0.0000000e+00
sc47	47	0.0000000e+00	0.0000000e+00	0.0000000e+00	0.0000000e+00	0.0000000e+00	0.0000000e+00
sc48	48	-3.4979635e-33	1.3247817e-30	1.3282796e-30	1.5519161e-30	1.5560138e-30	-1.1452032e-03
ti46	46	1.4490004e-10	1.3011829e-08	1.2866929e-08	1.5242713e-08	1.5072970e-08	4.8634441e-03
ti47	47	-6.3248403e-12	1.1849487e-08	1.1855812e-08	1.3881087e-08	1.3888497e-08	-2.3174930e-04
ti48	48	-1.5014059e-09	1.1847291e-07	1.1997432e-07	1.3878515e-07	1.4054397e-07	-5.4692262e-03
ti49	49	1.2968314e-09	1.0284656e-08	8.9878245e-09	1.2047965e-08	1.0528791e-08	5.8535183e-02
ti50	50	5.1818622e-09	1.3963281e-08	8.7814191e-09	1.6357292e-08	1.0286997e-08	2.0142278e-01
v51	51	-1.2879725e-10	1.9224009e-08	1.9352806e-08	2.2519974e-08	2.2670854e-08	-2.8999876e-03
cr52	52	-5.4675746e-09	7.8785982e-07	7.9332739e-07	9.2293875e-07	9.2934374e-07	-3.0034988e-03
cr53	53	-6.5081631e-10	9.1035727e-08	9.1686543e-08	1.0664384e-07	1.0740624e-07	-3.0937348e-03
cr54	54	4.0985297e-09	2.7351850e-08	2.3253321e-08	3.2041338e-08	2.7240113e-08	7.0501732e-02
mn55	55	9.5189785e-09	7.0234935e-07	6.9283038e-07	8.2276748e-07	8.1161647e-07	5.9262673e-03
fe54	54	-7.4748439e-08	4.4903602e-06	4.5651086e-06	5.2602345e-06	5.3477986e-06	-7.1699373e-03
fe55	55	4.5022538e-29	4.5022538e-29	0.0000000e+00	5.2741674e-29	0.0000000e+00	0.0000000e+00
fe56	56	-6.5912771e-07	7.3653744e-05	7.4312872e-05	8.6281713e-05	8.7053848e-05	-3.8692163e-03
fe57	57	1.3993022e-07	1.8868036e-06	1.7468733e-06	2.2102969e-06	2.0463756e-06	3.3465270e-02
fe58	58	1.8955553e-07	4.2611372e-07	2.3655820e-07	4.9917112e-07	2.7711621e-07	2.5558752e-01
fe59	59	0.0000000e+00	0.0000000e+00	0.0000000e+00	0.0000000e+00	0.0000000e+00	0.0000000e+00
fe60	60	0.0000000e+00	0.0000000e+00	0.0000000e+00	0.0000000e+00	0.0000000e+00	0.0000000e+00
co59	59	4.4372332e-08	2.2680743e-07	1.8243510e-07	2.6569367e-07	2.1371368e-07	9.4548882e-02
co60	60	0.0000000e+00	0.0000000e+00	0.0000000e+00	0.0000000e+00	0.0000000e+00	0.0000000e+00
ni58	58	-4.3297296e-08	2.5669693e-06	2.6102666e-06	3.0070774e-06	3.0577980e-06	-7.2641910e-03
ni59	59	0.0000000e+00	0.0000000e+00	0.0000000e+00	0.0000000e+00	0.0000000e+00	0.0000000e+00
ni60	60	3.6627338e-08	1.0767735e-06	1.0401462e-06	1.2613868e-06	1.2184797e-06	1.5029988e-02
ni61	61	1.6921438e-08	6.2890762e-08	4.5969325e-08	7.3673412e-08	5.3850787e-08	1.3611873e-01
ni62	62	5.8977746e-08	2.0794631e-07	1.4896857e-07	2.4359881e-07	1.7450930e-07	1.4485658e-01
ni63	63	0.0000000e+00	0.0000000e+00	0.0000000e+00	0.0000000e+00	0.0000000e+00	0.0000000e+00
ni64	64	4.9720323e-08	8.8881338e-08	3.9161015e-08	1.0412009e-07	4.5875190e-08	3.5595664e-01
cu63	63	1.3987201e-08	4.6310815e-08	3.2323614e-08	5.4250825e-08	3.7865512e-08	1.5616251e-01
cu64	64	0.0000000e+00	0.0000000e+00	0.0000000e+00	0.0000000e+00	0.0000000e+00	0.0000000e+00
cu65	65	1.2804687e-08	2.7669218e-08	1.4864531e-08	3.2413119e-08	1.7413062e-08	2.6984567e-01
zn64	64	1.6716698e-09	5.7051439e-08	5.5379769e-08	6.6832934e-08	6.4874656e-08	1.2915461e-02
zn65	65	0.0000000e+00	0.0000000e+00	0.0000000e+00	0.0000000e+00	0.0000000e+00	0.0000000e+00
zn66	66	1.2570810e-08	4.5335755e-08	3.2764945e-08	5.3108592e-08	3.8382511e-08	1.4103141e-01
zn67	67	2.7674572e-09	7.6552598e-09	4.8878026e-09	8.9677577e-09	5.7258186e-09	1.9484628e-01
zn68	68	1.5515299e-08	3.8201880e-08	2.2686582e-08	4.4751610e-08	2.6576207e-08	2.2631567e-01
zn69	69	0.0000000e+00	0.0000000e+00	0.0000000e+00	0.0000000e+00	0.0000000e+00	0.0000000e+00
zn70	70	4.8846675e-11	8.2108007e-10	7.7223340e-10	9.6185463e-10	9.0463317e-10	2.6636932e-02
ga69	69	2.3436796e-09	4.4235640e-09	2.0798844e-09	5.1819861e-09	2.4364816e-09	3.2773312e-01
ga70	70	0.0000000e+00	0.0000000e+00	0.0000000e+00	0.0000000e+00	0.0000000e+00	0.0000000e+00
ga71	71	2.3754602e-09	3.7958432e-09	1.4203830e-09	4.4466423e-09	1.6639083e-09	4.2690281e-01
ge70	70	3.8171756e-09	6.1306091e-09	2.3134336e-09	7.1817049e-09	2.7100728e-09	4.2324660e-01
ge71	71	0.0000000e+00	0.0000000e+00	0.0000000e+00	0.0000000e+00	0.0000000e+00	0.0000000e+00
ge72	72	4.1301600e-09	7.2746918e-09	3.1445317e-09	8.5219410e-09	3.6836631e-09	3.6425862e-01
ge73	73	1.1913090e-09	2.0861652e-09	8.9485626e-10	2.4438392e-09	1.0482798e-09	3.6759542e-01
ge74	74	5.2092964e-09	9.4669230e-09	4.2576265e-09	1.1090031e-08	4.9875986e-09	3.4704128e-01
as75	75	4.7161084e-10	1.0957942e-09	6.2418335e-10	1.2836686e-09	7.3119987e-10	2.4441682e-01
se76	76	1.7108981e-09	2.3607477e-09	6.4984954e-10	2.7654989e-09	7.6126654e-10	5.6023675e-01
se77	77	6.7511787e-10	1.2112593e-09	5.3614147e-10	1.4189303e-09	6.2806317e-10	3.5395774e-01
se78	78	4.4639564e-09	6.1559029e-09	1.6919465e-09	7.2113354e-09	1.9820316e-09	5.6090513e-01
se79	79	0.0000000e+00	0.0000000e+00	0.0000000e+00	0.0000000e+00	0.0000000e+00	0.0000000e+00
se80	80	5.5235672e-09	9.1453327e-09	3.6217656e-09	1.0713304e-08	4.2427190e-09	4.0227917e-01
br79	79	9.8189619e-10	1.5610516e-09	5.7915541e-10	1.8286946e-09	6.7845187e-10	4.3062214e-01
br80	80	0.0000000e+00	0.0000000e+00	0.0000000e+00	0.0000000e+00	0.0000000e+00	0.0000000e+00
br81	81	7.4047340e-10	1.3181571e-09	5.7768373e-10	1.5441558e-09	6.7672787e-10	3.5827705e-01
kr80	80	6.8116404e-12	1.4483764e-10	1.3802600e-10	1.6967012e-10	1.6169062e-10	2.0920538e-02
kr81	81	3.0032879e-12	3.0032879e-12	0.0000000e+00	3.5182030e-12	0.0000000e+00	0.0000000e+00
kr82	82	2.9681932e-09	3.6770931e-09	7.0889992e-10	4.3075325e-09	8.3044114e-10	7.1491970e-01
kr83	83	1.0046491e-09	1.7154868e-09	7.1083774e-10	2.0096078e-09	8.3271119e-10	3.8261691e-01
kr84	84	6.9464544e-09	1.0491932e-08	3.5454774e-09	1.2290778e-08	4.1533512e-09	4.7118074e-01
kr-5	85	8.3066564e-20	8.3066564e-20	0.0000000e+00	9.7308365e-20	0.0000000e+00	0.0000000e+00
kr*5	85	0.0000000e+00	0.0000000e+00	0.0000000e+00	0.0000000e+00	0.0000000e+00	0.0000000e+00
kr86	86	6.8225943e-09	7.9203181e-09	1.0977238e-09	9.2782603e-09	1.2859291e-09	8.5824953e-01
rb85	85	1.5350832e-09	2.3668097e-09	8.3172654e-10	2.7726003e-09	9.7432644e-10	4.5418278e-01
rb86	86	0.0000000e+00	0.0000000e+00	0.0000000e+00	0.0000000e+00	0.0000000e+00	0.0000000e+00
rb87	87	9.7164232e-10	1.3219939e-09	3.5035157e-10	1.5486504e-09	4.1041951e-10	5.7672538e-01
sr86	86	2.2727465e-09	2.5412676e-09	2.6852118e-10	2.9769691e-09	3.1455926e-10	9.7607186e-01
sr87	87	1.5257707e-09	1.7156068e-09	1.8983607e-10	2.0097484e-09	2.2238355e-10	9.5603902e-01
sr88	88	2.3030297e-08	2.5332441e-08	2.3021438e-09	2.9675700e-08	2.6968474e-09	1.0415446e+00
sr89	89	0.0000000e+00	0.0000000e+00	0.0000000e+00	0.0000000e+00	0.0000000e+00	0.0000000e+00
sr90	90	4.8486553e-17	4.8486553e-17	0.0000000e+00	5.6799595e-17	0.0000000e+00	0.0000000e+00
y89	89	6.2932686e-09	6.8953386e-09	6.0207003e-10	8.0775476e-09	7.0529521e-10	1.0589086e+00
y90	90	1.2261876e-20	1.2261876e-20	0.0000000e+00	1.4364180e-20	0.0000000e+00	0.0000000e+00
y91	91	0.0000000e+00	0.0000000e+00	0.0000000e+00	0.0000000e+00	0.0000000e+00	0.0000000e+00
zr90	90	6.8643666e-09	7.5188371e-09	6.5447056e-10	8.8079452e-09	7.6667984e-10	1.0602606e+00
zr91	91	1.8802277e-09	2.0245392e-09	1.4431143e-10	2.3716473e-09	1.6905369e-10	1.1470254e+00
zr92	92	3.2887420e-09	3.5117450e-09	2.2300303e-10	4.1138353e-09	2.6123700e-10	1.1972122e+00
zr93	93	0.0000000e+00	0.0000000e+00	0.0000000e+00	0.0000000e+00	0.0000000e+00	0.0000000e+00
zr94	94	4.0075888e-09	4.2384943e-09	2.3090549e-10	4.9651862e-09	2.7049434e-10	1.2637773e+00
zr95	95	0.0000000e+00	0.0000000e+00	0.0000000e+00	0.0000000e+00	0.0000000e+00	0.0000000e+00
zr96	96	4.4721087e-10	4.8520274e-10	3.7991869e-11	5.6839097e-10	4.4505592e-11	1.1062326e+00
nb93	93	1.0002846e-09	1.0999968e-09	9.9712267e-11	1.2885918e-09	1.1680798e-10	1.0426428e+00
nb94	94	4.9148204e-14	4.9148204e-14	0.0000000e+00	5.7574686e-14	0.0000000e+00	0.0000000e+00
nb95	95	0.0000000e+00	0.0000000e+00	0.0000000e+00	0.0000000e+00	0.0000000e+00	0.0000000e+00
mo94	94	1.3968553e-12	3.2647520e-11	3.1250665e-11	3.8244952e-11	3.6608605e-11	1.8990937e-02
mo95	95	4.3988827e-10	4.9455239e-10	5.4664127e-11	5.7934363e-10	6.4036317e-11	9.5650989e-01
mo96	96	8.5874981e-10	9.1689583e-10	5.8146023e-11	1.0740981e-09	6.8115185e-11	1.1978000e+00
mo97	97	2.8745612e-10	3.2128293e-10	3.3826808e-11	3.7636703e-10	3.9626430e-11	9.7762663e-01
mo98	98	1.0630779e-09	1.1499194e-09	8.6841493e-11	1.3470736e-09	1.0173051e-10	1.1219401e+00
tc99	99	0.0000000e+00	0.0000000e+00	0.0000000e+00	0.0000000e+00	0.0000000e+00	0.0000000e+00
ru99	99	1.3563765e-10	1.6595893e-10	3.0321276e-11	1.9441266e-10	3.5519873e-11	7.3825314e-01
ru100	100	5.2934257e-10	5.5958598e-10	3.0243412e-11	6.5552726e-10	3.5428659e-11	1.2672360e+00
ru101	101	1.1372563e-10	1.5508377e-10	4.1358142e-11	1.8167295e-10	4.8449015e-11	5.7400532e-01
ru102	102	7.4168741e-10	8.1893146e-10	7.7244052e-11	9.5933764e-10	9.0487580e-11	1.0253825e+00
rh103	103	1.2411406e-10	1.7344242e-10	4.9328363e-11	2.0317921e-10	5.7785734e-11	5.4605863e-01
pd104	104	4.1011630e-10	4.3170258e-10	2.1586272e-11	5.0571818e-10	2.5287248e-11	1.3010070e+00
pd105	105	1.0322838e-10	1.4691404e-10	4.3685661e-11	1.7210252e-10	5.1175588e-11	5.2672438e-01
pd106	106	4.7982311e-10	5.3379987e-10	5.3976763e-11	6.2532010e-10	6.3231104e-11	9.9517163e-01
pd107	107	0.0000000e+00	0.0000000e+00	0.0000000e+00	0.0000000e+00	0.0000000e+00	0.0000000e+00
pd108	108	6.1657814e-10	6.6982227e-10	5.3244133e-11	7.8466361e-10	6.2372864e-11	1.0996878e+00
ag107	107	9.4471725e-11	1.3114097e-10	3.6669249e-11	1.5362516e-10	4.2956209e-11	5.5343639e-01
ag108	108	0.0000000e+00	0.0000000e+00	0.0000000e+00	0.0000000e+00	0.0000000e+00	0.0000000e+00
ag109	109	1.5474445e-10	1.8944850e-10	3.4704057e-11	2.2192954e-10	4.0654084e-11	7.3711093e-01
cd108	108	1.0027599e-13	2.1564956e-12	2.0562196e-12	2.5262278e-12	2.4087594e-12	2.0679080e-02
cd109	109	1.0503147e-40	1.0503147e-40	0.0000000e+00	1.2303916e-40	0.0000000e+00	0.0000000e+00
cd110	110	5.3778287e-10	5.6717378e-10	2.9390907e-11	6.6441598e-10	3.4429991e-11	1.2855032e+00
cd111	111	1.7835997e-10	2.0875399e-10	3.0394024e-11	2.4454496e-10	3.5605094e-11	8.3684658e-01
cd112	112	6.8587949e-10	7.4369361e-10	5.7814128e-11	8.7120023e-10	6.7726387e-11	1.1093601e+00
cd113	113	2.0157132e-10	2.3111107e-10	2.9539754e-11	2.7073517e-10	3.4604358e-11	8.9341388e-01
cd114	114	9.9995004e-10	1.0700170e-09	7.0066969e-11	1.2534719e-09	8.2079983e-11	1.1838774e+00
in115	115	1.9169218e-10	2.1811139e-10	2.6419207e-11	2.5550669e-10	3.0948792e-11	9.1675857e-01
sn116	116	1.4188373e-09	1.5014947e-09	8.2657397e-11	1.7589267e-09	9.6829047e-11	1.2592421e+00
sn117	117	4.1029873e-10	4.5433479e-10	4.4036064e-11	5.3223070e-10	5.1586068e-11	1.0135675e+00
sn118	118	1.9882251e-09	2.1225046e-09	1.3427954e-10	2.4864091e-09	1.5730184e-10	1.1988388e+00
sn119	119	5.7323393e-10	6.2332946e-10	5.0095535e-11	7.3019959e-10	5.8684438e-11	1.0949186e+00
sn120	120	3.2074017e-09	3.3990000e-09	1.9159834e-10	3.9817601e-09	2.2444796e-10	1.2489594e+00
sb121	121	2.2845154e-10	2.5799889e-10	2.9547346e-11	3.0223292e-10	3.4613253e-11	9.4109935e-01
te122	122	3.9986590e-10	4.1950684e-10	1.9640935e-11	4.9143148e-10	2.3008383e-11	1.3295769e+00
te123	123	1.4747814e-10	1.5438939e-10	6.9112494e-12	1.8085952e-10	8.0961863e-12	1.3490609e+00
te124	124	7.8718450e-10	8.2429186e-10	3.7107356e-11	9.6561708e-10	4.3469429e-11	1.3466210e+00
te125	125	2.6517291e-10	3.2096697e-10	5.5794064e-11	3.7599691e-10	6.5359982e-11	7.5987234e-01
te126	126	1.5082208e-09	1.6580863e-09	1.4986546e-10	1.9423659e-09	1.7555996e-10	1.0439056e+00
i127	127	1.9417224e-10	3.8213074e-10	1.8795851e-10	4.4764723e-10	2.2018408e-10	3.0814999e-01
xe128	128	4.8182782e-10	5.0212876e-10	2.0300936e-11	5.8821897e-10	2.3781541e-11	1.3932990e+00
xe129	129	1.8256265e-10	4.3741673e-10	2.5485408e-10	5.1241203e-10	2.9854893e-10	2.3460380e-01
xe130	130	1.0003838e-09	1.0416200e-09	4.1236277e-11	1.2202063e-09	4.8306255e-11	1.4024299e+00
xe131	131	3.8073401e-10	5.8672707e-10	2.0599307e-10	6.8732170e-10	2.4131067e-10	4.5458353e-01
xe132	132	2.0235862e-09	2.2772757e-09	2.5368956e-10	2.6677157e-09	2.9718475e-10	9.5311303e-01
xe133	133	0.0000000e+00	0.0000000e+00	0.0000000e+00	0.0000000e+00	0.0000000e+00	0.0000000e+00
xe134	134	7.0648945e-11	1.6574357e-10	9.5094626e-11	1.9416038e-10	1.1139864e-10	2.4128072e-01
cs133	133	2.6820452e-10	3.3490222e-10	6.6697698e-11	3.9232136e-10	7.8133050e-11	7.0080717e-01
cs134	134	8.2228146e-34	8.2228146e-34	0.0000000e+00	9.6326200e-34	0.0000000e+00	0.0000000e+00
cs135	135	0.0000000e+00	0.0000000e+00	0.0000000e+00	0.0000000e+00	0.0000000e+00	0.0000000e+00
cs136	136	0.0000000e+00	0.0000000e+00	0.0000000e+00	0.0000000e+00	0.0000000e+00	0.0000000e+00
cs137	137	0.0000000e+00	0.0000000e+00	0.0000000e+00	0.0000000e+00	0.0000000e+00	0.0000000e+00
ba134	134	3.5687888e-10	3.7732613e-10	2.0447250e-11	4.4201887e-10	2.3952941e-11	1.2660820e+00
ba135	135	6.7075470e-10	7.2693811e-10	5.6183416e-11	8.5157199e-10	6.5816088e-11	1.1118893e+00
ba136	136	2.1276392e-09	2.1950751e-09	6.7435926e-11	2.5714218e-09	7.8997847e-11	1.5125581e+00
ba137	137	1.7979194e-09	1.8950651e-09	9.7145642e-11	2.2199748e-09	1.1380131e-10	1.2902008e+00
ba138	138	2.5905871e-08	2.6530532e-08	6.2466031e-10	3.1079204e-08	7.3175861e-10	1.6281020e+00
la139	139	3.1353934e-09	3.2210711e-09	8.5677753e-11	3.7733253e-09	1.0036724e-10	1.5751322e+00
ce140	140	1.0295233e-08	1.0491604e-08	1.9637076e-10	1.2290395e-08	2.3003862e-10	1.7277651e+00
ce141	141	0.0000000e+00	0.0000000e+00	0.0000000e+00	0.0000000e+00	0.0000000e+00	0.0000000e+00
ce142	142	1.3733586e-10	1.6236317e-10	2.5027316e-11	1.9020041e-10	2.9318261e-11	8.1207325e-01
pr141	141	9.5384187e-10	9.8768570e-10	3.3843832e-11	1.1570249e-09	3.9646373e-11	1.4651392e+00
nd142	142	2.9470281e-09	2.9921743e-09	4.5146143e-11	3.5051839e-09	5.2886470e-11	1.8213662e+00
nd143	143	4.1817671e-10	4.3838839e-10	2.0211680e-11	5.1355028e-10	2.3676982e-11	1.3362566e+00
nd144	144	1.3333073e-09	1.3734774e-09	4.0170087e-11	1.6089607e-09	4.7057268e-11	1.5339187e+00
nd145	145	2.4485663e-10	2.5979418e-10	1.4937546e-11	3.0433601e-10	1.7498596e-11	1.2403502e+00
nd146	146	1.2566927e-09	1.2860941e-09	2.9401471e-11	1.5065956e-09	3.4442367e-11	1.6409037e+00
nd147	147	0.0000000e+00	0.0000000e+00	0.0000000e+00	0.0000000e+00	0.0000000e+00	0.0000000e+00
nd148	148	9.5870443e-11	1.0581585e-10	9.9454120e-12	1.2395803e-10	1.1650557e-11	1.0269280e+00
pm147	147	2.7127428e-32	2.7127428e-32	0.0000000e+00	3.1778438e-32	0.0000000e+00	0.0000000e+00
pm148	148	0.0000000e+00	0.0000000e+00	0.0000000e+00	0.0000000e+00	0.0000000e+00	0.0000000e+00
sm147	147	1.4494847e-10	1.5295377e-10	8.0053012e-12	1.7917777e-10	9.3778138e-12	1.2811825e+00
sm148	148	3.5569189e-10	3.6173536e-10	6.0434716e-12	4.2375505e-10	7.0796277e-12	1.7771045e+00
sm149	149	5.3717173e-11	6.1198055e-11	7.4808817e-12	7.1690490e-11	8.7634824e-12	9.1278483e-01
sm150	150	2.6302485e-10	2.6704653e-10	4.0216799e-12	3.1283178e-10	4.7111988e-12	1.8221794e+00
sm151	151	7.2745637e-15	7.2745637e-15	0.0000000e+00	8.5217910e-15	0.0000000e+00	0.0000000e+00
sm152	152	2.4103270e-10	2.5580385e-10	1.4771154e-11	2.9966154e-10	1.7303675e-11	1.2384926e+00
eu151	151	3.8619814e-11	4.8363794e-11	9.7439803e-12	5.6655789e-11	1.1414590e-11	6.9578397e-01
eu152	152	1.8894273e-22	1.8894273e-22	0.0000000e+00	2.2133705e-22	0.0000000e+00	0.0000000e+00
eu153	153	4.4887933e-11	5.5665646e-11	1.0777713e-11	6.5209547e-11	1.2625557e-11	7.1306062e-01
eu154	154	1.7408397e-22	1.7408397e-22	0.0000000e+00	2.0393075e-22	0.0000000e+00	0.0000000e+00
eu155	155	1.7367923e-26	1.7367923e-26	0.0000000e+00	2.0345662e-26	0.0000000e+00	0.0000000e+00
gd152	152	5.8193493e-14	2.0047269e-13	1.4227920e-13	2.3484383e-13	1.6667303e-13	1.4891381e-01
gd153	153	0.0000000e+00	0.0000000e+00	0.0000000e+00	0.0000000e+00	0.0000000e+00	0.0000000e+00
gd154	154	3.0316836e-11	3.1888057e-11	1.5712210e-12	3.7355279e-11	1.8406075e-12	1.3073908e+00
gd155	155	7.3903746e-11	8.4639750e-11	1.0736004e-11	9.9151275e-11	1.2576697e-11	8.9673169e-01
gd156	156	1.8873222e-10	2.0367725e-10	1.4945024e-11	2.3859781e-10	1.7507356e-11	1.1344459e+00
gd157	157	8.6861986e-11	9.8361061e-11	1.1499075e-11	1.1522511e-10	1.3470597e-11	9.3216030e-01
gd158	158	3.6000113e-10	3.7836938e-10	1.8368244e-11	4.4324098e-10	2.1517488e-11	1.3138483e+00
tb159	159	7.8471991e-11	9.2328126e-11	1.3856135e-11	1.0815783e-10	1.6231776e-11	8.2369191e-01
dy160	160	1.3151738e-10	1.3361411e-10	2.0967278e-12	1.5652231e-10	2.4562128e-12	1.8043103e+00
dy161	161	5.8021506e-11	7.5133256e-11	1.7111750e-11	8.8014887e-11	2.0045567e-11	6.4253778e-01
dy162	162	2.5842851e-10	2.8165018e-10	2.3221668e-11	3.2993924e-10	2.7203034e-11	1.0838166e+00
dy163	163	1.0867199e-10	1.3150548e-10	2.2833482e-11	1.5405215e-10	2.6748293e-11	7.6037169e-01
dy164	164	5.3425580e-10	5.6033357e-10	2.6077773e-11	6.5640302e-10	3.0548820e-11	1.3321761e+00
ho165	165	9.9136304e-11	1.1944796e-10	2.0311652e-11	1.3992736e-10	2.3794094e-11	7.6943348e-01
er166	166	2.2770737e-10	2.4700282e-10	1.9295447e-11	2.8935157e-10	2.2603661e-11	1.1072471e+00
er167	167	9.1250548e-11	1.0450087e-10	1.3250317e-11	1.2241759e-10	1.5522090e-11	8.9689362e-01
er168	168	3.5903652e-10	3.7476116e-10	1.5724639e-11	4.3901414e-10	1.8420636e-11	1.3771739e+00
er169	169	0.0000000e+00	0.0000000e+00	0.0000000e+00	0.0000000e+00	0.0000000e+00	0.0000000e+00
er170	170	8.0954249e-11	8.9748279e-11	8.7940307e-12	1.0513566e-10	1.0301771e-11	1.0088382e+00
tm169	169	8.6881958e-11	9.6174776e-11	9.2928183e-12	1.1266399e-10	1.0886076e-11	1.0149137e+00
tm170	170	0.0000000e+00	0.0000000e+00	0.0000000e+00	0.0000000e+00	0.0000000e+00	0.0000000e+00
tm171	171	3.7912425e-35	3.7912425e-35	0.0000000e+00	4.4412528e-35	0.0000000e+00	0.0000000e+00
yb170	170	1.2182875e-10	1.2358633e-10	1.7575870e-12	1.4477527e-10	2.0589261e-12	1.8470536e+00
yb171	171	1.4800961e-10	1.5636889e-10	8.3592811e-12	1.8317841e-10	9.7924838e-12	1.2719814e+00
yb172	172	4.0781270e-10	4.2075594e-10	1.2943245e-11	4.9289475e-10	1.5162370e-11	1.5119871e+00
yb173	173	1.7917608e-10	1.8883948e-10	9.6634000e-12	2.2121610e-10	1.1320194e-11	1.2909628e+00
yb174	174	8.4640177e-10	8.6573790e-10	1.9336127e-11	1.0141691e-09	2.2651315e-11	1.6510169e+00
lu175	175	1.1057159e-10	1.1929871e-10	8.7271134e-12	1.3975253e-10	1.0223381e-11	1.1357651e+00
lu176	176	8.3369636e-11	8.3624375e-11	2.5473873e-13	9.7961813e-11	2.9841381e-13	2.5162379e+00
lu177	177	0.0000000e+00	0.0000000e+00	0.0000000e+00	0.0000000e+00	0.0000000e+00	0.0000000e+00
hf176	176	-4.2955417e-14	1.9170895e-12	1.9600449e-12	2.2457753e-12	2.2960955e-12	-9.6236356e-03
hf177	177	9.0280497e-11	9.7325539e-11	7.0450425e-12	1.1401205e-10	8.2529183e-12	1.1403432e+00
hf178	178	4.4442683e-10	4.5482111e-10	1.0394280e-11	5.3280040e-10	1.2176384e-11	1.6410462e+00
hf179	179	1.5534896e-10	1.6056786e-10	5.2189010e-12	1.8809729e-10	6.1136840e-12	1.4880796e+00
hf180	180	9.0493918e-10	9.1845473e-10	1.3515549e-11	1.0759242e-09	1.5832797e-11	1.8322241e+00
ta181	181	1.7963259e-10	1.8535901e-10	5.7264226e-12	2.1713890e-10	6.7082204e-12	1.5101303e+00
ta182	182	0.0000000e+00	0.0000000e+00	0.0000000e+00	0.0000000e+00	0.0000000e+00	0.0000000e+00
ta183	183	0.0000000e+00	0.0000000e+00	0.0000000e+00	0.0000000e+00	0.0000000e+00	0.0000000e+00
w182	182	3.9178473e-10	4.0077092e-10	8.9861905e-12	4.6948328e-10	1.0526877e-11	1.6493206e+00
w183	183	2.1909450e-10	2.2397366e-10	4.8791639e-12	2.6237405e-10	5.7156988e-12	1.6618515e+00
w184	184	6.6581239e-10	6.7631619e-10	1.0503808e-11	7.9227092e-10	1.2304691e-11	1.8088030e+00
w185	185	0.0000000e+00	0.0000000e+00	0.0000000e+00	0.0000000e+00	0.0000000e+00	0.0000000e+00
w186	186	4.1895751e-10	4.2881007e-10	9.8525661e-12	5.0232976e-10	1.1541793e-11	1.6387156e+00
re185	185	1.2414251e-10	1.2915017e-10	5.0076597e-12	1.5129302e-10	5.8662253e-12	1.4114602e+00
re186	186	0.0000000e+00	0.0000000e+00	0.0000000e+00	0.0000000e+00	0.0000000e+00	0.0000000e+00
re187	187	6.9419505e-11	7.8551576e-11	9.1320707e-12	9.2019280e-11	1.0697768e-11	9.3458563e-01
os186	186	2.5457648e-10	2.5735201e-10	2.7755363e-12	3.0147513e-10	3.2514033e-12	1.9671807e+00
os187	187	7.5180391e-11	7.7399796e-11	2.2194047e-12	9.0670027e-11	2.5999227e-12	1.5425033e+00
os188	188	3.8411609e-10	4.0752974e-10	2.3413656e-11	4.7740091e-10	2.7427939e-11	1.2406901e+00
os189	189	1.0006796e-10	1.2876683e-10	2.8698875e-11	1.5084397e-10	3.3619311e-11	6.5193914e-01
os190	190	4.7407488e-10	5.2099272e-10	4.6917836e-11	6.1031716e-10	5.4961921e-11	1.0454937e+00
os191	191	0.0000000e+00	0.0000000e+00	0.0000000e+00	0.0000000e+00	0.0000000e+00	0.0000000e+00
os192	192	1.1569679e-10	1.8933240e-10	7.3635604e-11	2.2179353e-10	8.6260462e-11	4.1013708e-01
ir191	191	1.0078509e-10	1.6287181e-10	6.2086713e-11	1.9079625e-10	7.2731509e-11	4.1884725e-01
ir192	192	0.0000000e+00	0.0000000e+00	0.0000000e+00	0.0000000e+00	0.0000000e+00	0.0000000e+00
ir193	193	1.1883415e-10	2.2429363e-10	1.0545948e-10	2.6274887e-10	1.2354056e-10	3.2773131e-01
pt192	192	1.4711573e-10	1.4972654e-10	2.6108072e-12	1.7539723e-10	3.0584314e-12	1.7585240e+00
pt193	193	8.0880725e-16	8.0880725e-16	0.0000000e+00	9.4747763e-16	0.0000000e+00	0.0000000e+00
pt194	194	4.2533089e-10	5.3654127e-10	1.1121037e-10	6.2853151e-10	1.3027744e-10	6.8345784e-01
pt195	195	1.7255026e-10	2.8726357e-10	1.1471332e-10	3.3651504e-10	1.3438097e-10	3.9866673e-01
pt196	196	7.8642873e-10	8.7245709e-10	8.6028352e-11	1.0220403e-09	1.0077795e-10	1.0061025e+00
au197	197	2.5519104e-10	3.0703822e-10	5.1847178e-11	3.5968006e-10	6.0736400e-11	7.7246731e-01
hg198	198	9.2109986e-10	9.3327953e-10	1.2179668e-11	1.0932907e-09	1.4267877e-11	1.8843763e+00
hg199	199	4.0124054e-10	4.2195281e-10	2.0712273e-11	4.9429681e-10	2.4263401e-11	1.3090361e+00
hg200	200	1.3422581e-09	1.3707618e-09	2.8503689e-11	1.6057796e-09	3.3390660e-11	1.6820609e+00
hg201	201	5.4421180e-10	5.6055672e-10	1.6344913e-11	6.5666442e-10	1.9147256e-11	1.5352369e+00
hg202	202	2.2996480e-09	2.3368619e-09	3.7213938e-11	2.7375180e-09	4.3594285e-11	1.7979274e+00
tl203	203	1.1175051e-09	1.1322254e-09	1.4720358e-11	1.3263460e-09	1.7244170e-11	1.8860145e+00
tl204	204	0.0000000e+00	0.0000000e+00	0.0000000e+00	0.0000000e+00	0.0000000e+00	0.0000000e+00
tl205	205	1.7088352e-09	1.7443210e-09	3.5485830e-11	2.0433857e-09	4.1569892e-11	1.6915714e+00
pb204	204	1.2519366e-09	1.2705687e-09	1.8632145e-11	1.4884083e-09	2.1826635e-11	1.8337353e+00
pb205	205	0.0000000e+00	0.0000000e+00	0.0000000e+00	0.0000000e+00	0.0000000e+00	0.0000000e+00
pb206	206	3.5998454e-08	3.6173530e-08	1.7507659e-10	4.2375499e-08	2.0509355e-10	2.3151628e+00
pb207	207	2.2156702e-08	2.2351382e-08	1.9468066e-10	2.6183537e-08	2.2805875e-10	2.0599816e+00
pb208	208	3.5435523e-07	3.5491516e-07	5.5992204e-10	4.1576552e-07	6.5592093e-10	2.8019970e+00
bi209	209	5.3193019e-09	5.3582432e-09	3.8941231e-11	6.2769164e-09	4.5617724e-11	2.1386127e+00
bi210	210	0.0000000e+00	0.0000000e+00	0.0000000e+00	0.0000000e+00	0.0000000e+00	0.0000000e+00
po210	210	0.0000000e+00	0.0000000e+00	0.0000000e+00	0.0000000e+00	0.0000000e+00	0.0000000e+00
