#  species  A   yield		mass(i)_lost	mass(i)_0	<X(i)>		X0(i)		log10(<X(i)>/X0(i))
n	1	0.0000000e+00	0.0000000e+00	0.0000000e+00	0.0000000e+00	0.0000000e+00	0.0000000e+00
p	1	-1.2527932e-01	1.8544179e+00	1.9796972e+00	4.7171661e+00	7.4899980e-01	7.9919947e-01
d	2	-8.5922901e-06	1.4415577e-08	8.6067056e-06	3.6669551e-08	3.2562660e-06	-1.9484143e+00
he3	3	-5.1938805e-06	4.9550433e-05	5.4744313e-05	1.2604366e-04	2.0711995e-05	7.8429907e-01
he4	4	1.0000649e-01	7.6078667e-01	6.6078018e-01	1.9352472e+00	2.4999996e-01	8.8879651e-01
li7	7	3.4181139e-08	3.5701374e-08	1.5202349e-09	9.0815187e-08	5.7516654e-10	2.1983649e+00
be7	7	1.2492502e-08	1.2492502e-08	0.0000000e+00	3.1777737e-08	0.0000000e+00	0.0000000e+00
b8	8	3.1529959e-24	3.1529959e-24	0.0000000e+00	8.0204173e-24	0.0000000e+00	0.0000000e+00
c12	12	1.0935824e-02	1.1388347e-02	4.5252339e-04	2.8969050e-02	1.7120796e-04	2.2284103e+00
c13	13	2.3616051e-03	2.3670863e-03	5.4811980e-06	6.0212636e-03	2.0737596e-06	3.4629292e+00
c14	14	3.6633086e-07	3.6633086e-07	0.0000000e+00	9.3185226e-07	0.0000000e+00	0.0000000e+00
n13	13	0.0000000e+00	0.0000000e+00	0.0000000e+00	0.0000000e+00	0.0000000e+00	0.0000000e+00
n14	14	6.9458758e-03	7.0796072e-03	1.3373133e-04	1.8008715e-02	5.0595987e-05	2.5513666e+00
n15	15	-1.8431341e-07	1.3579494e-07	3.2010834e-07	3.4542767e-07	1.2110998e-07	4.5517721e-01
o14	14	0.0000000e+00	0.0000000e+00	0.0000000e+00	0.0000000e+00	0.0000000e+00	0.0000000e+00
o15	15	0.0000000e+00	0.0000000e+00	0.0000000e+00	0.0000000e+00	0.0000000e+00	0.0000000e+00
o16	16	8.9075267e-04	1.9978466e-03	1.1070940e-03	5.0820122e-03	4.1885858e-04	1.0839683e+00
o17	17	3.5105112e-06	3.9573854e-06	4.4687415e-07	1.0066579e-05	1.6907062e-07	1.7748137e+00
o18	18	-2.4732951e-06	2.3597397e-08	2.4968925e-06	6.0025759e-08	9.4467577e-07	-1.1969451e+00
o19	19	0.0000000e+00	0.0000000e+00	0.0000000e+00	0.0000000e+00	0.0000000e+00	0.0000000e+00
f17	17	0.0000000e+00	0.0000000e+00	0.0000000e+00	0.0000000e+00	0.0000000e+00	0.0000000e+00
f18	18	0.0000000e+00	0.0000000e+00	0.0000000e+00	0.0000000e+00	0.0000000e+00	0.0000000e+00
f19	19	2.6426326e-06	2.7071778e-06	6.4545177e-08	6.8863696e-06	2.4420060e-08	2.4502436e+00
f20	20	0.0000000e+00	0.0000000e+00	0.0000000e+00	0.0000000e+00	0.0000000e+00	0.0000000e+00
ne19	19	0.0000000e+00	0.0000000e+00	0.0000000e+00	0.0000000e+00	0.0000000e+00	0.0000000e+00
ne20	20	8.7311255e-05	3.1136330e-04	2.2405204e-04	7.9202880e-04	8.4767980e-05	9.7050914e-01
ne21	21	5.2068923e-06	5.7708285e-06	5.6393617e-07	1.4679515e-05	2.1335994e-07	1.8375988e+00
ne22	22	3.5255114e-03	3.5436332e-03	1.8121834e-05	9.0140989e-03	6.8562252e-06	3.1188372e+00
ne23	23	0.0000000e+00	0.0000000e+00	0.0000000e+00	0.0000000e+00	0.0000000e+00	0.0000000e+00
na21	21	0.0000000e+00	0.0000000e+00	0.0000000e+00	0.0000000e+00	0.0000000e+00	0.0000000e+00
na22	22	0.0000000e+00	0.0000000e+00	0.0000000e+00	0.0000000e+00	0.0000000e+00	0.0000000e+00
na23	23	5.3397861e-05	5.8559894e-05	5.1620323e-06	1.4896143e-04	1.9530063e-06	1.8823702e+00
na24	24	2.8160685e-43	2.8160685e-43	0.0000000e+00	7.1633599e-43	0.0000000e+00	0.0000000e+00
mg23	23	0.0000000e+00	0.0000000e+00	0.0000000e+00	0.0000000e+00	0.0000000e+00	0.0000000e+00
mg24	24	1.6754681e-05	1.2362979e-04	1.0687511e-04	3.1448265e-04	4.0435190e-05	8.9083719e-01
mg25	25	1.7740795e-04	1.9150195e-04	1.4094000e-05	4.8713212e-04	5.3323323e-06	1.9607296e+00
mg26	26	2.3383744e-04	2.4997591e-04	1.6138471e-05	6.3587494e-04	6.1058384e-06	2.0176264e+00
mg27	27	0.0000000e+00	0.0000000e+00	0.0000000e+00	0.0000000e+00	0.0000000e+00	0.0000000e+00
al25	25	0.0000000e+00	0.0000000e+00	0.0000000e+00	0.0000000e+00	0.0000000e+00	0.0000000e+00
al-6	26	0.0000000e+00	0.0000000e+00	0.0000000e+00	0.0000000e+00	0.0000000e+00	0.0000000e+00
al*6	26	0.0000000e+00	0.0000000e+00	0.0000000e+00	0.0000000e+00	0.0000000e+00	0.0000000e+00
al27	27	1.0004632e-05	1.9832441e-05	9.8278094e-06	5.0448670e-05	3.7182591e-06	1.1325101e+00
al28	28	0.0000000e+00	0.0000000e+00	0.0000000e+00	0.0000000e+00	0.0000000e+00	0.0000000e+00
si27	27	0.0000000e+00	0.0000000e+00	0.0000000e+00	0.0000000e+00	0.0000000e+00	0.0000000e+00
si28	28	2.1241407e-05	1.3957921e-04	1.1833780e-04	3.5505389e-04	4.4771992e-05	8.9928787e-01
si29	29	3.6036148e-06	9.8271240e-06	6.2235092e-06	2.4997696e-05	2.3546061e-06	1.0259817e+00
si30	30	5.8504655e-06	1.0094577e-05	4.2441115e-06	2.5678029e-05	1.6057196e-06	1.2038920e+00
p31	31	2.9927434e-06	4.0218689e-06	1.0291254e-06	1.0230608e-05	3.8935991e-07	1.4195502e+00
p32	32	4.5085578e-32	4.5085578e-32	0.0000000e+00	1.1468621e-31	0.0000000e+00	0.0000000e+00
p33	33	6.7780321e-32	6.7780321e-32	0.0000000e+00	1.7241585e-31	0.0000000e+00	0.0000000e+00
s32	32	-3.4058518e-07	5.6367392e-05	5.6707977e-05	1.4338427e-04	2.1454929e-05	8.2497441e-01
s33	33	2.8632733e-08	4.9682823e-07	4.6819550e-07	1.2638043e-06	1.7713736e-07	8.5336966e-01
s34	34	2.2701401e-06	4.9930830e-06	2.7229429e-06	1.2701129e-05	1.0301998e-06	1.0909209e+00
s35	35	7.5042111e-24	7.5042111e-24	0.0000000e+00	1.9088799e-23	0.0000000e+00	0.0000000e+00
s36	36	7.8432493e-07	7.9776615e-07	1.3441219e-08	2.0293136e-06	5.0853586e-09	2.6010276e+00
cl35	35	5.0546010e-08	6.3228100e-07	5.8173499e-07	1.6083616e-06	2.2009395e-07	8.6377557e-01
cl36	36	0.0000000e+00	0.0000000e+00	0.0000000e+00	0.0000000e+00	0.0000000e+00	0.0000000e+00
cl37	37	1.2234570e-07	3.1889500e-07	1.9654930e-07	8.1118753e-07	7.4362578e-08	1.0377668e+00
ar36	36	-3.2629955e-07	1.0506477e-05	1.0832777e-05	2.6725798e-05	4.0984790e-06	8.1430796e-01
ar37	37	1.7344016e-26	1.7344016e-26	0.0000000e+00	4.4118751e-26	0.0000000e+00	0.0000000e+00
ar38	38	1.4743752e-07	2.2264491e-06	2.0790116e-06	5.6635186e-06	7.8657446e-07	8.5734649e-01
ar39	39	0.0000000e+00	0.0000000e+00	0.0000000e+00	0.0000000e+00	0.0000000e+00	0.0000000e+00
ar40	40	9.1992661e-08	9.5492858e-08	3.5001966e-09	2.4290947e-07	1.3242664e-09	2.2634691e+00
k39	39	4.1386463e-08	6.0536706e-07	5.6398060e-07	1.5398994e-06	2.1337675e-07	8.5834525e-01
k40	40	6.0958857e-10	7.0089252e-10	9.1303942e-11	1.7828918e-09	3.4543986e-11	1.7127525e+00
k41	41	1.0502236e-08	5.3289513e-08	4.2787277e-08	1.3555493e-07	1.6188163e-08	9.2291773e-01
ca40	40	-2.7579379e-07	9.4889506e-06	9.7647444e-06	2.4137470e-05	3.6943990e-06	8.1514794e-01
ca41	41	0.0000000e+00	0.0000000e+00	0.0000000e+00	0.0000000e+00	0.0000000e+00	0.0000000e+00
ca42	42	1.5500397e-08	8.3931316e-08	6.8430919e-08	2.1349986e-07	2.5890194e-08	9.1626229e-01
ca43	43	4.7135517e-09	1.9331754e-08	1.4618202e-08	4.9175051e-08	5.5306591e-09	9.4896792e-01
ca44	44	1.9580490e-08	2.5071751e-07	2.3113702e-07	6.3776138e-07	8.7448513e-08	8.6290579e-01
ca45	45	3.7803270e-21	3.7803270e-21	0.0000000e+00	9.6161875e-21	0.0000000e+00	0.0000000e+00
ca46	46	2.9824044e-08	3.0287407e-08	4.6336298e-10	7.7043438e-08	1.7530902e-10	2.6429314e+00
ca47	47	1.0549891e-36	1.0549891e-36	0.0000000e+00	2.6836232e-36	0.0000000e+00	0.0000000e+00
ca48	48	2.7585852e-08	5.0189818e-08	2.2603966e-08	1.2767009e-07	8.5519978e-09	1.1740216e+00
sc45	45	8.2907944e-09	1.4811743e-08	6.5209485e-09	3.7677295e-08	2.4671394e-09	1.1838860e+00
sc46	46	1.5493340e-28	1.5493340e-28	0.0000000e+00	3.9411104e-28	0.0000000e+00	0.0000000e+00
sc47	47	1.3599630e-35	1.3599630e-35	0.0000000e+00	3.4593988e-35	0.0000000e+00	0.0000000e+00
sc48	48	5.0193808e-30	9.1321138e-30	4.1127330e-30	2.3229768e-29	1.5560138e-30	1.1740314e+00
ti46	46	1.3141495e-09	4.1153834e-08	3.9839685e-08	1.0468486e-07	1.5072970e-08	8.4168504e-01
ti47	47	2.4798505e-09	3.9188830e-08	3.6708980e-08	9.9686387e-08	1.3888497e-08	8.5598062e-01
ti48	48	-5.8187975e-09	3.6565595e-07	3.7147475e-07	9.3013545e-07	1.4054397e-07	8.2073398e-01
ti49	49	9.9625573e-09	3.7791428e-08	2.7828871e-08	9.6131753e-08	1.0528791e-08	9.6048835e-01
ti50	50	5.0384266e-08	7.7574047e-08	2.7189781e-08	1.9732858e-07	1.0286997e-08	1.2829014e+00
v51	51	1.8327274e-09	6.1754542e-08	5.9921815e-08	1.5708780e-07	2.2670854e-08	8.4067458e-01
cr52	52	-5.3911177e-08	2.4024569e-06	2.4563681e-06	6.1112376e-06	9.2934374e-07	8.1795279e-01
cr53	53	-5.5251396e-09	2.7836258e-07	2.8388772e-07	7.0808339e-07	1.0740624e-07	8.1905488e-01
cr54	54	4.5910675e-08	1.1790960e-07	7.1998920e-08	2.9993193e-07	2.7240113e-08	1.0418138e+00
mn55	55	-6.2244777e-08	2.0829559e-06	2.1452007e-06	5.2985084e-06	8.1161647e-07	8.1480278e-01
fe54	54	-4.9750903e-07	1.3637371e-05	1.4134880e-05	3.4689992e-05	5.3477986e-06	8.1202916e-01
fe55	55	1.6206484e-16	1.6206484e-16	0.0000000e+00	4.1225160e-16	0.0000000e+00	0.0000000e+00
fe56	56	-7.2296319e-06	2.2286424e-04	2.3009387e-04	5.6690977e-04	8.7053848e-05	8.1372597e-01
fe57	57	9.4192662e-08	5.5030113e-06	5.4088186e-06	1.3998257e-05	2.0463756e-06	8.3508861e-01
fe58	58	1.4804869e-06	2.2129387e-06	7.3245173e-07	5.6291514e-06	2.7711621e-07	1.3077810e+00
fe59	59	3.2153095e-27	3.2153095e-27	0.0000000e+00	8.1789270e-27	0.0000000e+00	0.0000000e+00
fe60	60	0.0000000e+00	0.0000000e+00	0.0000000e+00	0.0000000e+00	0.0000000e+00	0.0000000e+00
co59	59	6.3013744e-07	1.1950086e-06	5.6487116e-07	3.0397970e-06	2.1371368e-07	1.1530123e+00
co60	60	0.0000000e+00	0.0000000e+00	0.0000000e+00	0.0000000e+00	0.0000000e+00	0.0000000e+00
ni58	58	-2.8528040e-07	7.7968502e-06	8.0821306e-06	1.9833198e-05	3.0577980e-06	8.1198396e-01
ni59	59	0.0000000e+00	0.0000000e+00	0.0000000e+00	0.0000000e+00	0.0000000e+00	0.0000000e+00
ni60	60	2.2080827e-06	5.4286722e-06	3.2205895e-06	1.3809157e-05	1.2184797e-06	1.0543489e+00
ni61	61	3.3089237e-07	4.7322652e-07	1.4233415e-07	1.2037675e-06	5.3850787e-08	1.3493506e+00
ni62	62	1.2200761e-06	1.6813253e-06	4.6124922e-07	4.2768626e-06	1.7450930e-07	1.3893067e+00
ni63	63	0.0000000e+00	0.0000000e+00	0.0000000e+00	0.0000000e+00	0.0000000e+00	0.0000000e+00
ni64	64	7.8585958e-07	9.0711327e-07	1.2125369e-07	2.3074647e-06	4.5875190e-08	1.7015572e+00
cu63	63	3.9799256e-07	4.9807569e-07	1.0008314e-07	1.2669775e-06	3.7865512e-08	1.5245251e+00
cu64	64	0.0000000e+00	0.0000000e+00	0.0000000e+00	0.0000000e+00	0.0000000e+00	0.0000000e+00
cu65	65	1.4695714e-07	1.9298197e-07	4.6024833e-08	4.9089690e-07	1.7413062e-08	1.4501151e+00
zn64	64	-5.0290331e-09	1.6644254e-07	1.7147158e-07	4.2338737e-07	6.4874656e-08	8.1466283e-01
zn65	65	3.0949581e-22	3.0949581e-22	0.0000000e+00	7.8727839e-22	0.0000000e+00	0.0000000e+00
zn66	66	1.4076811e-07	2.4221774e-07	1.0144963e-07	6.1614014e-07	3.8382511e-08	1.2055461e+00
zn67	67	3.0953156e-08	4.6087188e-08	1.5134032e-08	1.1723405e-07	5.7258186e-09	1.3112162e+00
zn68	68	1.9474343e-07	2.6498757e-07	7.0244135e-08	6.7406077e-07	2.6576207e-08	1.4042061e+00
zn69	69	0.0000000e+00	0.0000000e+00	0.0000000e+00	0.0000000e+00	0.0000000e+00	0.0000000e+00
zn70	70	1.9402365e-09	4.3312916e-09	2.3910551e-09	1.1017701e-08	9.0463317e-10	1.0856185e+00
ga69	69	2.7533508e-08	3.3973424e-08	6.4399160e-09	8.6419725e-08	2.4364816e-09	1.5498497e+00
ga70	70	0.0000000e+00	0.0000000e+00	0.0000000e+00	0.0000000e+00	0.0000000e+00	0.0000000e+00
ga71	71	2.4417435e-08	2.8815346e-08	4.3979112e-09	7.3298889e-08	1.6639083e-09	1.6439680e+00
ge70	70	4.1716310e-08	4.8879361e-08	7.1630509e-09	1.2433662e-07	2.7100728e-09	1.6616181e+00
ge71	71	9.2872452e-32	9.2872452e-32	0.0000000e+00	2.3624383e-31	0.0000000e+00	0.0000000e+00
ge72	72	4.0620826e-08	5.0357194e-08	9.7363681e-09	1.2809586e-07	3.6836631e-09	1.5412552e+00
ge73	73	1.1996796e-08	1.4767526e-08	2.7707305e-09	3.7564819e-08	1.0482798e-09	1.5543041e+00
ge74	74	5.3178695e-08	6.6361523e-08	1.3182827e-08	1.6880678e-07	4.9875986e-09	1.5294984e+00
as75	75	4.8919566e-09	6.8246065e-09	1.9326499e-09	1.7360058e-08	7.3119987e-10	1.3755151e+00
se76	76	1.7175684e-08	1.9187803e-08	2.0121197e-09	4.8808877e-08	7.6126654e-10	1.8069621e+00
se77	77	6.8159580e-09	8.4760051e-09	1.6600471e-09	2.1560795e-08	6.2806317e-10	1.5356614e+00
se78	78	4.4524743e-08	4.9763493e-08	5.2387496e-09	1.2658563e-07	1.9820316e-09	1.8052738e+00
se79	79	0.0000000e+00	0.0000000e+00	0.0000000e+00	0.0000000e+00	0.0000000e+00	0.0000000e+00
se80	80	5.6826034e-08	6.8040055e-08	1.1214020e-08	1.7307654e-07	4.2427190e-09	1.6105939e+00
br79	79	9.9967174e-09	1.1789948e-08	1.7932305e-09	2.9990620e-08	6.7845187e-10	1.6454664e+00
br80	80	0.0000000e+00	0.0000000e+00	0.0000000e+00	0.0000000e+00	0.0000000e+00	0.0000000e+00
br81	81	7.6154617e-09	9.4041355e-09	1.7886738e-09	2.3921722e-08	6.7672787e-10	1.5483784e+00
kr80	80	-1.5211741e-11	4.1215617e-10	4.2736791e-10	1.0484202e-09	1.6169062e-10	8.1185052e-01
kr81	81	7.9837705e-15	7.9837705e-15	0.0000000e+00	2.0308675e-14	0.0000000e+00	0.0000000e+00
kr82	82	2.6222834e-08	2.8417791e-08	2.1949566e-09	7.2287611e-08	8.3044114e-10	1.9397550e+00
kr83	83	9.2540908e-09	1.1455047e-08	2.2009566e-09	2.9138718e-08	8.3271119e-10	1.5439760e+00
kr84	84	6.2205901e-08	7.3183711e-08	1.0977811e-08	1.8616069e-07	4.1533512e-09	1.6514893e+00
kr-5	85	1.1070354e-13	1.1070354e-13	0.0000000e+00	2.8160157e-13	0.0000000e+00	0.0000000e+00
kr*5	85	0.0000000e+00	0.0000000e+00	0.0000000e+00	0.0000000e+00	0.0000000e+00	0.0000000e+00
kr86	86	3.0111601e-07	3.0451488e-07	3.3988665e-09	7.7460816e-07	1.2859291e-09	2.7798650e+00
rb85	85	2.2190671e-08	2.4765934e-08	2.5752629e-09	6.2998218e-08	9.7432644e-10	1.8106238e+00
rb86	86	0.0000000e+00	0.0000000e+00	0.0000000e+00	0.0000000e+00	0.0000000e+00	0.0000000e+00
rb87	87	5.7630182e-08	5.8714971e-08	1.0847885e-09	1.4935591e-07	4.1041951e-10	2.5609944e+00
sr86	86	1.1288083e-08	1.2119501e-08	8.3141824e-10	3.0828918e-08	3.1455926e-10	1.9912558e+00
sr87	87	5.0514569e-09	5.6392436e-09	5.8778668e-10	1.4344797e-08	2.2238355e-10	1.8095917e+00
sr88	88	1.3808041e-07	1.4520850e-07	7.1280944e-09	3.6937339e-07	2.6968474e-09	2.1366092e+00
sr89	89	2.7825581e-28	2.7825581e-28	0.0000000e+00	7.0781181e-28	0.0000000e+00	0.0000000e+00
sr90	90	1.0321351e-12	1.0321351e-12	0.0000000e+00	2.6254884e-12	0.0000000e+00	0.0000000e+00
y89	89	4.0127885e-08	4.1992065e-08	1.8641807e-09	1.0681710e-07	7.0529521e-10	2.1802699e+00
y90	90	2.6101901e-16	2.6101901e-16	0.0000000e+00	6.6396578e-16	0.0000000e+00	0.0000000e+00
y91	91	9.1952267e-28	9.1952267e-28	0.0000000e+00	2.3390311e-27	0.0000000e+00	0.0000000e+00
zr90	90	3.3111615e-08	3.5138043e-08	2.0264277e-09	8.9382217e-08	7.6667984e-10	2.0666371e+00
zr91	91	9.8032043e-09	1.0250034e-08	4.4682940e-10	2.6073471e-08	1.6905369e-10	2.1881742e+00
zr92	92	2.0275312e-08	2.0965793e-08	6.9048105e-10	5.3331628e-08	2.6123700e-10	2.3099502e+00
zr93	93	0.0000000e+00	0.0000000e+00	0.0000000e+00	0.0000000e+00	0.0000000e+00	0.0000000e+00
zr94	94	2.3487218e-08	2.4202168e-08	7.1494933e-10	6.1564141e-08	2.7049434e-10	2.3571696e+00
zr95	95	3.9680561e-27	3.9680561e-27	0.0000000e+00	1.0093723e-26	0.0000000e+00	0.0000000e+00
zr96	96	3.5077252e-08	3.5194886e-08	1.1763367e-10	8.9526811e-08	4.4505592e-11	3.3035385e+00
nb93	93	6.4484360e-09	6.7571736e-09	3.0873765e-10	1.7188526e-08	1.1680798e-10	2.1677661e+00
nb94	94	3.0259531e-16	3.0259531e-16	0.0000000e+00	7.6972527e-16	0.0000000e+00	0.0000000e+00
nb95	95	4.7761354e-27	4.7761354e-27	0.0000000e+00	1.2149270e-26	0.0000000e+00	0.0000000e+00
mo94	94	-3.4451298e-12	9.3315851e-11	9.6760981e-11	2.3737172e-10	3.6608605e-11	8.1184579e-01
mo95	95	2.8433983e-09	3.0126540e-09	1.6925574e-10	7.6634233e-09	6.4036317e-11	2.0779965e+00
mo96	96	5.1256433e-09	5.3056800e-09	1.8003669e-10	1.3496296e-08	6.8115185e-11	2.2969707e+00
mo97	97	2.6606905e-09	2.7654280e-09	1.0473746e-10	7.0345434e-09	3.9626430e-11	2.2492510e+00
mo98	98	7.8360014e-09	8.1048874e-09	2.6888606e-10	2.0616766e-08	1.0173051e-10	2.3067693e+00
tc99	99	0.0000000e+00	0.0000000e+00	0.0000000e+00	0.0000000e+00	0.0000000e+00	0.0000000e+00
ru99	99	9.6615991e-10	1.0600432e-09	9.3883330e-11	2.6964796e-09	3.5519873e-11	1.8803257e+00
ru100	100	3.4008820e-09	3.4945243e-09	9.3642239e-11	8.8891782e-09	3.5428659e-11	2.3995069e+00
ru101	101	7.1133884e-10	8.3939546e-10	1.2805662e-10	2.1352079e-09	4.8449015e-11	1.6441552e+00
ru102	102	4.2512677e-09	4.4904373e-09	2.3916964e-10	1.1422527e-08	9.0487580e-11	2.1011732e+00
rh103	103	6.9137237e-10	8.4410706e-10	1.5273470e-10	2.1471930e-09	5.7785734e-11	1.5700505e+00
pd104	104	2.2141560e-09	2.2809932e-09	6.6837262e-11	5.8022649e-09	2.5287248e-11	2.3606960e+00
pd105	105	5.4537613e-10	6.8063941e-10	1.3526328e-10	1.7313730e-09	5.1175588e-11	1.5293278e+00
pd106	106	2.4657458e-09	2.6328732e-09	1.6712747e-10	6.6973578e-09	6.3231104e-11	2.0249727e+00
pd107	107	0.0000000e+00	0.0000000e+00	0.0000000e+00	0.0000000e+00	0.0000000e+00	0.0000000e+00
pd108	108	3.0307978e-09	3.1956568e-09	1.6485904e-10	8.1289358e-09	6.2372864e-11	2.1150380e+00
ag107	107	4.7654572e-10	5.9008419e-10	1.1353847e-10	1.5010236e-09	4.2956209e-11	1.5433616e+00
ag108	108	0.0000000e+00	0.0000000e+00	0.0000000e+00	0.0000000e+00	0.0000000e+00	0.0000000e+00
ag109	109	7.4061867e-10	8.4807234e-10	1.0745367e-10	2.1572797e-09	4.0654084e-11	1.7248023e+00
cd108	108	-2.2637877e-13	6.1402643e-12	6.3666431e-12	1.5619266e-11	2.4087594e-12	8.1186719e-01
cd109	109	4.3730041e-25	4.3730041e-25	0.0000000e+00	1.1123807e-24	0.0000000e+00	0.0000000e+00
cd110	110	2.5738175e-09	2.6648201e-09	9.1002639e-11	6.7786226e-09	3.4429991e-11	2.2942045e+00
cd111	111	8.3696912e-10	9.3107769e-10	9.4108577e-11	2.3684241e-09	3.5605094e-11	1.8229473e+00
cd112	112	3.2318793e-09	3.4108884e-09	1.7900905e-10	8.6764298e-09	6.7726387e-11	2.1075832e+00
cd113	113	9.4052177e-10	1.0319853e-09	9.1463513e-11	2.6251073e-09	3.4604358e-11	1.8800163e+00
cd114	114	4.7173412e-09	4.9342885e-09	2.1694734e-10	1.2551571e-08	8.2079983e-11	2.1844608e+00
in115	115	8.9691823e-10	9.7871963e-10	8.1801408e-11	2.4896131e-09	3.0948792e-11	1.9054882e+00
sn116	116	6.7367040e-09	6.9926349e-09	2.5593090e-10	1.7787479e-08	9.6829047e-11	2.2641088e+00
sn117	117	1.9516721e-09	2.0880203e-09	1.3634823e-10	5.3113911e-09	5.1586068e-11	2.0126759e+00
sn118	118	1.0070569e-08	1.0486337e-08	4.1576781e-10	2.6674565e-08	1.5730184e-10	2.2293636e+00
sn119	119	2.9056737e-09	3.0607837e-09	1.5511008e-10	7.7858530e-09	5.8684438e-11	2.1227832e+00
sn120	120	1.7121297e-08	1.7714540e-08	5.9324317e-10	4.5061271e-08	2.2444796e-10	2.3026878e+00
sb121	121	1.2163198e-09	1.3078068e-09	9.1487022e-11	3.3267269e-09	3.4613253e-11	1.9827747e+00
te122	122	2.1393620e-09	2.2001760e-09	6.0813943e-11	5.5966864e-09	2.3008383e-11	2.3860449e+00
te123	123	7.8226110e-10	8.0366031e-10	2.1399202e-11	2.0443068e-09	8.0961863e-12	2.4022656e+00
te124	124	4.1189683e-09	4.2338632e-09	1.1489497e-10	1.0769868e-08	4.3469429e-11	2.3940264e+00
te125	125	1.3744037e-09	1.5471580e-09	1.7275435e-10	3.9355753e-09	6.5359982e-11	1.7796963e+00
te126	126	7.8983475e-09	8.3623737e-09	4.6402624e-10	2.1271745e-08	1.7555996e-10	2.0833777e+00
i127	127	1.0190275e-09	1.6010007e-09	5.8197320e-10	4.0725373e-09	2.2018408e-10	1.2670792e+00
xe128	128	2.5092112e-09	2.5720687e-09	6.2857495e-11	6.5426866e-09	2.3781541e-11	2.4395161e+00
xe129	129	9.5259134e-10	1.7416923e-09	7.8910100e-10	4.4304210e-09	2.9854893e-10	1.1714295e+00
xe130	130	5.0593723e-09	5.1870516e-09	1.2767929e-10	1.3194536e-08	4.8306255e-11	2.4363907e+00
xe131	131	1.9314525e-09	2.5692659e-09	6.3781335e-10	6.5355569e-09	2.4131067e-10	1.4327061e+00
xe132	132	1.0212382e-08	1.0997878e-08	7.8549530e-10	2.7975795e-08	2.9718475e-10	1.9737559e+00
xe133	133	2.3103455e-35	2.3103455e-35	0.0000000e+00	5.8769295e-35	0.0000000e+00	0.0000000e+00
xe134	134	1.0177814e-08	1.0472255e-08	2.9444011e-10	2.6638744e-08	1.1139864e-10	2.3786338e+00
cs133	133	1.3768477e-09	1.5833628e-09	2.0651512e-10	4.0276711e-09	7.8133050e-11	1.7122192e+00
cs134	134	1.1256192e-17	1.1256192e-17	0.0000000e+00	2.8632882e-17	0.0000000e+00	0.0000000e+00
cs135	135	0.0000000e+00	0.0000000e+00	0.0000000e+00	0.0000000e+00	0.0000000e+00	0.0000000e+00
cs136	136	1.2182848e-32	1.2182848e-32	0.0000000e+00	3.0990058e-32	0.0000000e+00	0.0000000e+00
cs137	137	0.0000000e+00	0.0000000e+00	0.0000000e+00	0.0000000e+00	0.0000000e+00	0.0000000e+00
ba134	134	1.2642910e-09	1.3276016e-09	6.3310525e-11	3.3770797e-09	2.3952941e-11	2.1491825e+00
ba135	135	5.2062646e-09	5.3802245e-09	1.7395990e-10	1.3685919e-08	6.5816088e-11	2.3179419e+00
ba136	136	1.1347717e-08	1.1556518e-08	2.0880088e-10	2.9396834e-08	7.8997847e-11	2.5706853e+00
ba137	137	3.7149919e-08	3.7450710e-08	3.0079065e-10	9.5265051e-08	1.1380131e-10	2.9227864e+00
ba138	138	1.4727976e-07	1.4921389e-07	1.9341267e-09	3.7956206e-07	7.3175861e-10	2.7149150e+00
la139	139	1.7626106e-08	1.7891388e-08	2.6528279e-10	4.5511128e-08	1.0036724e-10	2.6565256e+00
ce140	140	5.0752803e-08	5.1360823e-08	6.0801995e-10	1.3064883e-07	2.3003862e-10	2.7543048e+00
ce141	141	1.2271371e-30	1.2271371e-30	0.0000000e+00	3.1215238e-30	0.0000000e+00	0.0000000e+00
ce142	142	8.7097845e-09	8.7872762e-09	7.7491718e-11	2.2352589e-08	2.9318261e-11	2.8821896e+00
pr141	141	5.2039136e-09	5.3087037e-09	1.0479017e-10	1.3503988e-08	3.9646373e-11	2.5322586e+00
nd142	142	1.0274337e-08	1.0414123e-08	1.3978535e-10	2.6490872e-08	5.2886470e-11	2.6997517e+00
nd143	143	2.3736484e-09	2.4362295e-09	6.2581132e-11	6.1971464e-09	2.3676982e-11	2.4178654e+00
nd144	144	7.2429620e-09	7.3673401e-09	1.2437806e-10	1.8740634e-08	4.7057268e-11	2.6001576e+00
nd145	145	1.3568821e-09	1.4031330e-09	4.6250909e-11	3.5692123e-09	1.7498596e-11	2.3095692e+00
nd146	146	6.4206006e-09	6.5116360e-09	9.1035349e-11	1.6563941e-08	3.4442367e-11	2.6820707e+00
nd147	147	2.9220286e-33	2.9220286e-33	0.0000000e+00	7.4328954e-33	0.0000000e+00	0.0000000e+00
nd148	148	8.2618153e-10	8.5697537e-10	3.0793835e-11	2.1799267e-09	1.1650557e-11	2.2720952e+00
pm147	147	3.4238907e-17	3.4238907e-17	0.0000000e+00	8.7095044e-17	0.0000000e+00	0.0000000e+00
pm148	148	4.7033776e-40	4.7033776e-40	0.0000000e+00	1.1964193e-39	0.0000000e+00	0.0000000e+00
sm147	147	7.6768654e-10	7.9247324e-10	2.4786698e-11	2.0158498e-09	9.3778138e-12	2.3323566e+00
sm148	148	1.6203084e-09	1.6390207e-09	1.8712314e-11	4.1692505e-09	7.0796277e-12	2.7700476e+00
sm149	149	2.9676055e-10	3.1992350e-10	2.3162946e-11	8.1380376e-10	8.7634824e-12	1.9678430e+00
sm150	150	1.3679834e-09	1.3804356e-09	1.2452269e-11	3.5114761e-09	4.7111988e-12	2.8723583e+00
sm151	151	6.1335836e-14	6.1335836e-14	0.0000000e+00	1.5602272e-13	0.0000000e+00	0.0000000e+00
sm152	152	1.2248803e-09	1.2706160e-09	4.5735711e-11	3.2321231e-09	1.7303675e-11	2.2713495e+00
eu151	151	2.0364325e-10	2.3381340e-10	3.0170145e-11	5.9476164e-10	1.1414590e-11	1.7168826e+00
eu152	152	6.4347392e-18	6.4347392e-18	0.0000000e+00	1.6368335e-17	0.0000000e+00	0.0000000e+00
eu153	153	2.2516268e-10	2.5853356e-10	3.3370878e-11	6.5764343e-10	1.2625557e-11	1.7167399e+00
eu154	154	2.8920831e-16	2.8920831e-16	0.0000000e+00	7.3567216e-16	0.0000000e+00	0.0000000e+00
eu155	155	1.3469054e-16	1.3469054e-16	0.0000000e+00	3.4261836e-16	0.0000000e+00	0.0000000e+00
gd152	152	1.8213905e-13	6.2267607e-13	4.4053702e-13	1.5839291e-12	1.6667303e-13	9.7787040e-01
gd153	153	5.7836897e-29	5.7836897e-29	0.0000000e+00	1.4712231e-28	0.0000000e+00	0.0000000e+00
gd154	154	1.4775515e-10	1.5262010e-10	4.8649488e-12	3.8822660e-10	1.8406075e-12	2.3241241e+00
gd155	155	4.0120416e-10	4.3444590e-10	3.3241735e-11	1.1051195e-09	1.2576697e-11	1.9438426e+00
gd156	156	9.5069775e-10	9.9697182e-10	4.6274063e-11	2.5360420e-09	1.7507356e-11	2.1609359e+00
gd157	157	4.5302825e-10	4.8863267e-10	3.5604419e-11	1.2429569e-09	1.3470597e-11	1.9650692e+00
gd158	158	1.8956385e-09	1.9525118e-09	5.6873327e-11	4.9666920e-09	2.1517488e-11	2.3632757e+00
tb159	159	4.2079659e-10	4.6369914e-10	4.2902550e-11	1.1795323e-09	1.6231776e-11	1.8613438e+00
dy160	160	6.9274460e-10	6.9923666e-10	6.4920681e-12	1.7786797e-09	2.4562128e-12	2.8598318e+00
dy161	161	3.1351614e-10	3.6649901e-10	5.2982864e-11	9.3227998e-10	2.0045567e-11	1.6675280e+00
dy162	162	1.3454195e-09	1.4173204e-09	7.1900914e-11	3.6053015e-09	2.7203034e-11	2.1223243e+00
dy163	163	5.7584083e-10	6.4653981e-10	7.0698981e-11	1.6446323e-09	2.6748293e-11	1.7887727e+00
dy164	164	2.7153964e-09	2.7961406e-09	8.0744232e-11	7.1126684e-09	3.0548820e-11	2.3670381e+00
ho165	165	5.0706979e-10	5.6996047e-10	6.2890674e-11	1.4498340e-09	2.3794094e-11	1.7848491e+00
er166	166	1.1367893e-09	1.1965335e-09	5.9744214e-11	3.0436761e-09	2.2603661e-11	2.1292197e+00
er167	167	4.6327433e-10	5.0430109e-10	4.1026765e-11	1.2828133e-09	1.5522090e-11	1.9172133e+00
er168	168	1.7547819e-09	1.8034698e-09	4.8687972e-11	4.5875672e-09	1.8420636e-11	2.3962778e+00
er169	169	1.1882795e-33	1.1882795e-33	0.0000000e+00	3.0226799e-33	0.0000000e+00	0.0000000e+00
er170	170	5.5504778e-10	5.8227661e-10	2.7228830e-11	1.4811632e-09	1.0301771e-11	2.1576910e+00
tm169	169	4.4633878e-10	4.7511200e-10	2.8773219e-11	1.2085637e-09	1.0886076e-11	2.0453982e+00
tm170	170	8.5814294e-25	8.5814294e-25	0.0000000e+00	2.1828967e-24	0.0000000e+00	0.0000000e+00
tm171	171	1.0493797e-17	1.0493797e-17	0.0000000e+00	2.6693543e-17	0.0000000e+00	0.0000000e+00
yb170	170	5.3835449e-10	5.4379648e-10	5.4419912e-12	1.3832795e-09	2.0589261e-12	2.8272692e+00
yb171	171	8.1288490e-10	8.3876762e-10	2.5882721e-11	2.1336109e-09	9.7924838e-12	2.3382224e+00
yb172	172	2.1277600e-09	2.1678360e-09	4.0075981e-11	5.5144216e-09	1.5162370e-11	2.5607329e+00
yb173	173	9.8772817e-10	1.0176488e-09	2.9920646e-11	2.5886390e-09	1.1320194e-11	2.3592176e+00
yb174	174	4.5717161e-09	4.6315863e-09	5.9870170e-11	1.1781574e-08	2.2651315e-11	2.7161099e+00
lu175	175	6.0203998e-10	6.2906161e-10	2.7021635e-11	1.6001723e-09	1.0223381e-11	2.1945722e+00
lu176	176	4.5123294e-10	4.5202169e-10	7.8874386e-13	1.1498279e-09	2.9841381e-13	3.5858139e+00
lu177	177	1.2946244e-34	1.2946244e-34	0.0000000e+00	3.2931942e-34	0.0000000e+00	0.0000000e+00
hf176	176	-2.1220252e-13	5.8566561e-12	6.0688586e-12	1.4897839e-11	2.2960955e-12	8.1213333e-01
hf177	177	4.9608241e-10	5.1789588e-10	2.1813463e-11	1.3173950e-09	8.2529183e-12	2.2031085e+00
hf178	178	2.2677792e-09	2.2999629e-09	3.2183659e-11	5.8505189e-09	1.2176384e-11	2.6816760e+00
hf179	179	7.9846956e-10	8.1462877e-10	1.6159208e-11	2.0722078e-09	6.1136840e-12	2.5301303e+00
hf180	180	4.4450979e-09	4.4869459e-09	4.1848000e-11	1.1413646e-08	1.5832797e-11	2.8578668e+00
ta181	181	8.9469614e-10	9.1242678e-10	1.7730639e-11	2.3209810e-09	6.7082204e-12	2.5390643e+00
ta182	182	2.6906619e-30	2.6906619e-30	0.0000000e+00	6.8443574e-30	0.0000000e+00	0.0000000e+00
ta183	183	0.0000000e+00	0.0000000e+00	0.0000000e+00	0.0000000e+00	0.0000000e+00	0.0000000e+00
w182	182	1.8078900e-09	1.8357138e-09	2.7823812e-11	4.6695876e-09	1.0526877e-11	2.6469790e+00
w183	183	1.0449574e-09	1.0600647e-09	1.5107285e-11	2.6965341e-09	5.7156988e-12	2.6737366e+00
w184	184	2.7763818e-09	2.8089045e-09	3.2522789e-11	7.1451366e-09	1.2304691e-11	2.7639398e+00
w185	185	6.2717178e-27	6.2717178e-27	0.0000000e+00	1.5953650e-26	0.0000000e+00	0.0000000e+00
w186	186	2.1714048e-09	2.2019111e-09	3.0506358e-11	5.6011002e-09	1.1541793e-11	2.6860001e+00
re185	185	5.4847129e-10	5.6397643e-10	1.5505144e-11	1.4346122e-09	5.8662253e-12	2.3883758e+00
re186	186	1.2385914e-36	1.2385914e-36	0.0000000e+00	3.1506605e-36	0.0000000e+00	0.0000000e+00
re187	187	3.6378572e-10	3.9206122e-10	2.8275498e-11	9.9730372e-10	1.0697768e-11	1.9695342e+00
os186	186	9.6320141e-10	9.7179526e-10	8.5938530e-12	2.4719992e-09	3.2514033e-12	2.8809775e+00
os187	187	2.9600014e-10	3.0287205e-10	6.8719108e-12	7.7042923e-10	2.5999227e-12	2.4717723e+00
os188	188	1.9019439e-09	1.9744393e-09	7.2495365e-11	5.0224698e-09	2.7427939e-11	2.2627242e+00
os189	189	5.1388891e-10	6.0274882e-10	8.8859912e-11	1.5332392e-09	3.3619311e-11	1.6590211e+00
os190	190	2.4819005e-09	2.6271715e-09	1.4527102e-10	6.6828541e-09	5.4961921e-11	2.0849001e+00
os191	191	8.4771089e-32	8.4771089e-32	0.0000000e+00	2.1563602e-31	0.0000000e+00	0.0000000e+00
os192	192	6.2802596e-10	8.5602281e-10	2.2799685e-10	2.1775036e-09	8.6260462e-11	1.4021471e+00
ir191	191	5.3500765e-10	7.2724584e-10	1.9223819e-10	1.8499279e-09	7.2731509e-11	1.4054322e+00
ir192	192	8.9882006e-28	8.9882006e-28	0.0000000e+00	2.2863689e-27	0.0000000e+00	0.0000000e+00
ir193	193	6.4111718e-10	9.6764984e-10	3.2653266e-10	2.4614543e-09	1.2354056e-10	1.2993822e+00
pt192	192	6.7619241e-10	6.8427622e-10	8.0838047e-12	1.7406241e-09	3.0584314e-12	2.7552063e+00
pt193	193	2.2107003e-14	2.2107003e-14	0.0000000e+00	5.6234575e-14	0.0000000e+00	0.0000000e+00
pt194	194	2.1983385e-09	2.5426775e-09	3.4433906e-10	6.4679230e-09	1.3027744e-10	1.6958956e+00
pt195	195	9.0236844e-10	1.2575536e-09	3.5518518e-10	3.1988956e-09	1.3438097e-10	1.3766623e+00
pt196	196	3.9548555e-09	4.2212238e-09	2.6636834e-10	1.0737717e-08	1.0077795e-10	2.0275464e+00
au197	197	1.2895220e-09	1.4500556e-09	1.6053367e-10	3.6885716e-09	6.0736400e-11	1.7834092e+00
hg198	198	4.4615440e-09	4.4992557e-09	3.7711729e-11	1.1444959e-08	1.4267877e-11	2.9042549e+00
hg199	199	1.9609564e-09	2.0250875e-09	6.4131110e-11	5.1513061e-09	2.4263401e-11	2.3269657e+00
hg200	200	6.4903546e-09	6.5786101e-09	8.8255561e-11	1.6734306e-08	3.3390660e-11	2.6999827e+00
hg201	201	2.6765844e-09	2.7271929e-09	5.0608519e-11	6.9372830e-09	1.9147256e-11	2.5590829e+00
hg202	202	1.0258083e-08	1.0373308e-08	1.1522498e-10	2.6387050e-08	4.3594285e-11	2.7819613e+00
tl203	203	5.4146012e-09	5.4601796e-09	4.5578431e-11	1.3889304e-08	1.7244170e-11	2.9060382e+00
tl204	204	0.0000000e+00	0.0000000e+00	0.0000000e+00	0.0000000e+00	0.0000000e+00	0.0000000e+00
tl205	205	1.2694685e-08	1.2804559e-08	1.0987426e-10	3.2571531e-08	4.1569892e-11	2.8940593e+00
pb204	204	3.7441135e-09	3.8018039e-09	5.7690442e-11	9.6708193e-09	2.1826635e-11	2.6464765e+00
pb205	205	0.0000000e+00	0.0000000e+00	0.0000000e+00	0.0000000e+00	0.0000000e+00	0.0000000e+00
pb206	206	4.9095709e-07	4.9149918e-07	5.4208711e-10	1.2502485e-06	2.0509355e-10	3.7850443e+00
pb207	207	6.7692799e-08	6.8295586e-08	6.0278692e-10	1.7372655e-07	2.2805875e-10	2.8818194e+00
pb208	208	1.0149580e-06	1.0166917e-06	1.7336785e-09	2.5862043e-06	6.5592093e-10	3.5958113e+00
bi209	209	7.0591250e-08	7.0711824e-08	1.2057317e-10	1.7987284e-07	4.5617724e-11	3.5958320e+00
bi210	210	0.0000000e+00	0.0000000e+00	0.0000000e+00	0.0000000e+00	0.0000000e+00	0.0000000e+00
po210	210	0.0000000e+00	0.0000000e+00	0.0000000e+00	0.0000000e+00	0.0000000e+00	0.0000000e+00
