# Minitial =  1.25 msun, Z = 0.0016, Mfinal = 0.646 msun
  species    A      yield       mass(i)_lost    mass(i)_0        <X(i)>          X0(i)   log10(<X(i)>/X0(i)) 
      n      1  -1.4713634E-42 -1.4713634E-42  0.0000000E+00 -2.4354567E-42  0.0000000E+00  0.0000000E+00
      p      1  -1.6851157E-02  4.4736320E-01  4.6421435E-01  7.4066758E-01  7.6864678E-01 -1.6103487E-02
      d      2   2.5945504E-18  2.5945504E-18  0.0000000E+00  4.2956134E-18  0.0000000E+00  0.0000000E+00
    he3      3   1.8281971E-04  1.8282048E-04  7.6825479E-10  3.0268292E-04  1.2720773E-09  5.3764744E+00
    he4      4   1.6044453E-02  1.5477726E-01  1.3873281E-01  2.5625375E-01  2.2971398E-01  4.7482792E-02
    li7      7  -9.4301844E-11  3.1478600E-10  4.0908785E-10  5.2116889E-10  6.7736822E-10 -1.1384634E-01
    be7      7   5.1253810E-12  5.1253810E-12  0.0000000E+00  8.4857303E-12  0.0000000E+00  0.0000000E+00
     b8      8   2.7615599E-25  2.7615599E-25  0.0000000E+00  4.5721195E-25  0.0000000E+00  0.0000000E+00
    c12     12   5.0758536E-04  6.3549250E-04  1.2790717E-04  1.0521399E-03  2.1178889E-04  6.9617033E-01
    c13     13   2.9255013E-06  2.9257842E-06  2.8281683E-10  4.8440138E-06  4.6828852E-10  4.0146918E+00
    c14     14   3.5382066E-09  3.5382066E-09  0.0000000E+00  5.8579581E-09  0.0000000E+00  0.0000000E+00
    n13     13   0.0000000E+00  0.0000000E+00  0.0000000E+00  0.0000000E+00  0.0000000E+00  0.0000000E+00
    n14     14   4.7513346E-05  4.7601032E-05  8.7684924E-08  7.8809659E-05  1.4518884E-07  2.7346463E+00
    n15     15   5.6303655E-09  5.6332254E-09  2.8601184E-12  9.3265324E-09  4.7357882E-12  3.2943280E+00
    o14     14   0.0000000E+00  0.0000000E+00  0.0000000E+00  0.0000000E+00  0.0000000E+00  0.0000000E+00
    o15     15   0.0000000E+00  0.0000000E+00  0.0000000E+00  0.0000000E+00  0.0000000E+00  0.0000000E+00
    o16     16   1.7540238E-05  6.5117166E-04  6.3363143E-04  1.0780988E-03  1.0491678E-03  1.1813587E-02
    o17     17   4.1483185E-07  4.1486643E-07  3.4581130E-11  6.8686501E-07  5.7259482E-11  4.0790238E+00
    o18     18   2.3090159E-09  2.3722555E-09  6.3239691E-11  3.9275756E-09  1.0471237E-10  1.5741266E+00
    o19     19   0.0000000E+00  0.0000000E+00  0.0000000E+00  0.0000000E+00  0.0000000E+00  0.0000000E+00
    f17     17   0.0000000E+00  0.0000000E+00  0.0000000E+00  0.0000000E+00  0.0000000E+00  0.0000000E+00
    f18     18   0.0000000E+00  0.0000000E+00  0.0000000E+00  0.0000000E+00  0.0000000E+00  0.0000000E+00
    f19     19   5.2347151E-08  5.2349698E-08  2.5475618E-12  8.6671690E-08  4.2182564E-12  4.3127441E+00
    f20     20   0.0000000E+00  0.0000000E+00  0.0000000E+00  0.0000000E+00  0.0000000E+00  0.0000000E+00
   ne19     19   0.0000000E+00  0.0000000E+00  0.0000000E+00  0.0000000E+00  0.0000000E+00  0.0000000E+00
   ne20     20   9.9214958E-08  5.7476733E-05  5.7377518E-05  9.5160161E-05  9.5005780E-05  7.0513057E-04
   ne21     21   4.4583196E-08  5.1343477E-08  6.7602803E-09  8.5005759E-08  1.1193682E-08  8.8047540E-01
   ne22     22   4.6425415E-05  4.6431363E-05  5.9487806E-09  7.6873119E-05  9.8499990E-09  3.8923383E+00
   ne23     23   0.0000000E+00  0.0000000E+00  0.0000000E+00  0.0000000E+00  0.0000000E+00  0.0000000E+00
   na21     21   0.0000000E+00  0.0000000E+00  0.0000000E+00  0.0000000E+00  0.0000000E+00  0.0000000E+00
   na22     22   2.0796486E-31  2.0796486E-31  0.0000000E+00  3.4431271E-31  0.0000000E+00  0.0000000E+00
   na23     23   4.3724603E-07  7.2527030E-07  2.8802427E-07  1.2007787E-06  4.7691100E-07  4.0102565E-01
   na24     24   0.0000000E+00  0.0000000E+00  0.0000000E+00  0.0000000E+00  0.0000000E+00  0.0000000E+00
   mg23     23   0.0000000E+00  0.0000000E+00  0.0000000E+00  0.0000000E+00  0.0000000E+00  0.0000000E+00
   mg24     24   2.0184598E-07  3.3923883E-05  3.3722037E-05  5.6165372E-05  5.5836997E-05  2.5465842E-03
   mg25     25   1.0271957E-07  1.2837336E-07  2.5653794E-08  2.1253868E-07  4.2477584E-08  6.9927818E-01
   mg26     26   1.3511017E-07  1.5984290E-07  2.4732730E-08  2.6464056E-07  4.0952493E-08  8.1037605E-01
   mg27     27   0.0000000E+00  0.0000000E+00  0.0000000E+00  0.0000000E+00  0.0000000E+00  0.0000000E+00
   al25     25   0.0000000E+00  0.0000000E+00  0.0000000E+00  0.0000000E+00  0.0000000E+00  0.0000000E+00
   al-6     26   1.2540099E-08  1.2540099E-08  0.0000000E+00  2.0761753E-08  0.0000000E+00  0.0000000E+00
   al*6     26   0.0000000E+00  0.0000000E+00  0.0000000E+00  0.0000000E+00  0.0000000E+00  0.0000000E+00
   al27     27   3.6335393E-08  3.3769419E-07  3.0135880E-07  5.5909635E-07  4.9899035E-07  4.9394522E-02
   al28     28   0.0000000E+00  0.0000000E+00  0.0000000E+00  0.0000000E+00  0.0000000E+00  0.0000000E+00
   si27     27   0.0000000E+00  0.0000000E+00  0.0000000E+00  0.0000000E+00  0.0000000E+00  0.0000000E+00
   si28     28  -9.8589226E-09  7.3251453E-05  7.3261312E-05  1.2127725E-04  1.2130618E-04 -1.0358211E-04
   si29     29   9.0665218E-09  5.3502692E-08  4.4436170E-08  8.8580620E-08  7.3577475E-08  8.0593847E-02
   si30     30   1.0994354E-08  3.6016992E-08  2.5022638E-08  5.9630786E-08  4.1432521E-08  1.5812919E-01
   si31     31   0.0000000E+00  0.0000000E+00  0.0000000E+00  0.0000000E+00  0.0000000E+00  0.0000000E+00
   si32     32   3.7772659E-16  3.7772659E-16  0.0000000E+00  6.2537517E-16  0.0000000E+00  0.0000000E+00
   si33     33   0.0000000E+00  0.0000000E+00  0.0000000E+00  0.0000000E+00  0.0000000E+00  0.0000000E+00
    p29     29   0.0000000E+00  0.0000000E+00  0.0000000E+00  0.0000000E+00  0.0000000E+00  0.0000000E+00
    p30     30   0.0000000E+00  0.0000000E+00  0.0000000E+00  0.0000000E+00  0.0000000E+00  0.0000000E+00
    p31     31   1.0702726E-08  2.1395167E-08  1.0692441E-08  3.5422463E-08  1.7704558E-08  3.0119365E-01
    p32     32   9.6426447E-20  9.6426447E-20  0.0000000E+00  1.5964644E-19  0.0000000E+00  0.0000000E+00
    p33     33   0.0000000E+00  0.0000000E+00  0.0000000E+00  0.0000000E+00  0.0000000E+00  0.0000000E+00
    p34     34   0.0000000E+00  0.0000000E+00  0.0000000E+00  0.0000000E+00  0.0000000E+00  0.0000000E+00
    s32     32  -1.3333192E-08  2.7709551E-05  2.7722885E-05  4.5876743E-05  4.5903591E-05 -2.5409332E-04
    s33     33   1.4926433E-09  1.1621648E-08  1.0129004E-08  1.9241140E-08  1.6771621E-08  5.9655789E-02
    s34     34   4.2752646E-10  4.7247582E-08  4.6820055E-08  7.8224474E-08  7.7524717E-08  3.9024814E-03
    s35     35   8.6279778E-10  8.6279778E-10  0.0000000E+00  1.4284732E-09  0.0000000E+00  0.0000000E+00
   fe54     54  -2.4449065E-10  9.2707097E-08  9.2951588E-08  1.5348859E-07  1.5390937E-07 -1.1889637E-03
   fe55     55   4.3117489E-11  4.3117489E-11  0.0000000E+00  7.1386577E-11  0.0000000E+00  0.0000000E+00
   fe56     56  -4.8541551E-08  3.3087403E-05  3.3135944E-05  5.4780470E-05  5.4866541E-05 -6.8182778E-04
   fe57     57   1.0718566E-08  3.0169144E-07  2.9097288E-07  4.9948915E-07  4.8179334E-07  1.5665289E-02
   fe58     58   1.6754566E-08  1.6754585E-08  1.9771206E-14  2.7739381E-08  3.2737190E-14  5.9280553E+00
   fe59     59   2.9625271E-40  2.9625271E-40  0.0000000E+00  4.9048529E-40  0.0000000E+00  0.0000000E+00
   fe60     60   3.1813088E-10  3.1813088E-10  0.0000000E+00  5.2670679E-10  0.0000000E+00  0.0000000E+00
   co59     59   4.1073989E-09  9.5007337E-08  9.0899938E-08  1.5729692E-07  1.5051225E-07  1.9148376E-02
   co60     60   1.1179805E-15  1.1179805E-15  0.0000000E+00  1.8509612E-15  0.0000000E+00  0.0000000E+00
   ni58     58  -4.8363518E-09  1.8172743E-06  1.8221107E-06  3.0087324E-06  3.0170536E-06 -1.1994503E-03
   ni59     59   1.0614635E-10  1.0614635E-10  0.0000000E+00  1.7573899E-10  0.0000000E+00  0.0000000E+00
   ni60     60   3.5383436E-09  5.1035540E-09  1.5652104E-09  8.4495930E-09  2.5916778E-09  5.1325476E-01
   ni61     61   1.3969155E-09  1.3994068E-09  2.4913203E-12  2.3168989E-09  4.1251317E-12  2.7494693E+00
   ni62     62   4.2409125E-09  4.2409147E-09  2.1824126E-15  7.0213821E-09  3.6136420E-15  6.2884774E+00
   ni63     63   3.3455590E-13  3.3455590E-13  0.0000000E+00  5.5390051E-13  0.0000000E+00  0.0000000E+00
   ni64     64   1.9637707E-09  1.9637743E-09  3.6192049E-15  3.2512821E-09  5.9926844E-15  5.7344332E+00
   cu63     63   9.5262531E-10  3.5495620E-09  2.5969367E-09  5.8767586E-09  4.3000115E-09  1.3566825E-01
   cu64     64   0.0000000E+00  0.0000000E+00  0.0000000E+00  0.0000000E+00  0.0000000E+00  0.0000000E+00
   cu65     65   4.6393644E-10  3.6414642E-09  3.1775278E-09  6.0289147E-09  5.2613554E-09  5.9141487E-02
   zn64     64  -5.4605209E-12  4.7129628E-08  4.7135089E-08  7.8029188E-08  7.8046348E-08 -9.5503834E-05
   zn65     65   0.0000000E+00  0.0000000E+00  0.0000000E+00  0.0000000E+00  0.0000000E+00  0.0000000E+00
   zn66     66   4.1394846E-10  4.1537732E-10  1.4288633E-12  6.8771083E-10  2.3659139E-12  2.4634070E+00
   zn67     67   8.3990911E-11  8.4319648E-11  3.2873975E-13  1.3960208E-10  5.4432771E-13  2.4090314E+00
   zn68     68   3.8935535E-10  4.5057874E-10  6.1223381E-11  7.4599132E-10  1.0137376E-10  8.6680818E-01
   zn69     69   0.0000000E+00  0.0000000E+00  0.0000000E+00  0.0000000E+00  0.0000000E+00  0.0000000E+00
   zn70     70   1.4242317E-12  1.4242317E-12  0.0000000E+00  2.3579996E-12  0.0000000E+00  0.0000000E+00
   ga69     69   4.9831250E-11  1.8435304E-09  1.7936992E-09  3.0522029E-09  2.9700096E-09  1.1855554E-02
   ga70     70   0.0000000E+00  0.0000000E+00  0.0000000E+00  0.0000000E+00  0.0000000E+00  0.0000000E+00
   ga71     71   5.4144134E-11  1.0723806E-09  1.0182365E-09  1.7754647E-09  1.6859976E-09  2.2455106E-02
   ge70     70   8.8481333E-11  7.6620044E-10  6.7771910E-10  1.2685438E-09  1.1221682E-09  5.3247515E-02
   ge71     71   0.0000000E+00  0.0000000E+00  0.0000000E+00  0.0000000E+00  0.0000000E+00  0.0000000E+00
   ge72     72   9.4039443E-11  2.5798366E-09  2.4857971E-09  4.2712527E-09  4.1159862E-09  1.6081370E-02
   ge73     73   2.6956604E-11  8.6440388E-10  8.3744728E-10  1.4311323E-09  1.3866464E-09  1.3714087E-02
   ge74     74   1.2436097E-10  4.1512069E-09  4.0268460E-09  6.8728596E-09  6.6676575E-09  1.3164208E-02
   as75     75   1.0177525E-11  7.2878570E-10  7.1860817E-10  1.2065989E-09  1.1898724E-09  6.0625379E-03
   se76     76   4.5484880E-11  2.7388414E-10  2.2839926E-10  4.5345058E-10  3.7818382E-10  7.8827046E-02
   se77     77   1.6879997E-11  4.7984250E-10  4.6296250E-10  7.9444124E-10  7.6657397E-10  1.5507706E-02
   se78     78   1.2249701E-10  1.4069502E-09  1.2844532E-09  2.3293878E-09  2.1267994E-09  3.9515253E-02
   se79     79   1.6091734E-11  1.6091734E-11  0.0000000E+00  2.6641944E-11  0.0000000E+00  0.0000000E+00
   se80     80   1.6047341E-10  3.6968131E-09  3.5363397E-09  6.1205516E-09  5.8554761E-09  1.9228373E-02
   br79     79   1.2299113E-11  5.3500100E-11  4.1200987E-11  8.8576327E-11  6.8220651E-11  1.1340182E-01
   br80     80   0.0000000E+00  0.0000000E+00  0.0000000E+00  0.0000000E+00  0.0000000E+00  0.0000000E+00
   br81     81   1.9250934E-11  1.1584460E-09  1.1391951E-09  1.9179571E-09  1.8862807E-09  7.2325533E-03
   kr80     80  -5.2687021E-14  5.2666989E-11  5.2719676E-11  8.7197007E-11  8.7293311E-11 -4.7938788E-04
   kr81     81   6.3986475E-14  6.3986475E-14  0.0000000E+00  1.0593788E-13  0.0000000E+00  0.0000000E+00
   kr82     82   9.3761443E-11  4.2228132E-10  3.2851988E-10  6.9914130E-10  5.4396371E-10  1.0899505E-01
   kr83     83   3.0792147E-11  6.4197508E-10  6.1118294E-10  1.0628727E-09  1.0119976E-09  2.1301782E-02
   kr84     84   2.3653524E-10  3.2613354E-09  3.0248002E-09  5.3995621E-09  5.0084683E-09  3.2653607E-02
   kr-5     85   8.6558756E-22  8.6558756E-22  0.0000000E+00  1.4330920E-21  0.0000000E+00  0.0000000E+00
   kr*5     85   0.0000000E+00  0.0000000E+00  0.0000000E+00  0.0000000E+00  0.0000000E+00  0.0000000E+00
   kr86     86   1.9831431E-10  8.5428681E-10  6.5597250E-10  1.4143822E-09  1.0861602E-09  1.1467291E-01
   rb85     85   5.9077132E-11  4.8142790E-10  4.2235077E-10  7.9706608E-10  6.9932904E-10  5.6812786E-02
   rb86     86   0.0000000E+00  0.0000000E+00  0.0000000E+00  0.0000000E+00  0.0000000E+00  0.0000000E+00
   rb87     87   2.0411756E-11  1.5884348E-10  1.3843172E-10  2.6298591E-10  2.2921544E-10  5.9688639E-02
   sr86     86   7.8196796E-11  1.9537739E-10  1.1718060E-10  3.2347253E-10  1.9402781E-10  2.2197342E-01
   sr87     87   6.1880001E-11  1.4291077E-10  8.1030765E-11  2.3660723E-10  1.3417085E-10  2.4636981E-01
   sr88     88   1.0962597E-09  2.4248961E-09  1.3286363E-09  4.0147285E-09  2.1999580E-09  2.6124182E-01
   sr89     89   0.0000000E+00  0.0000000E+00  0.0000000E+00  0.0000000E+00  0.0000000E+00  0.0000000E+00
   sr90     90   3.9642490E-18  3.9642490E-18  0.0000000E+00  6.5633266E-18  0.0000000E+00  0.0000000E+00
    y89     89   3.2502642E-10  7.0615613E-10  3.8112971E-10  1.1691327E-09  6.3107508E-10  2.6778278E-01
    y90     90   1.0025282E-21  1.0025282E-21  0.0000000E+00  1.6598149E-21  0.0000000E+00  0.0000000E+00
    y91     91   0.0000000E+00  0.0000000E+00  0.0000000E+00  0.0000000E+00  0.0000000E+00  0.0000000E+00
   zr90     90   3.7098610E-10  7.7853801E-10  4.0755191E-10  1.2889703E-09  6.7482503E-10  2.8105170E-01
   zr91     91   1.0469400E-10  1.7861189E-10  7.3917886E-11  2.9571506E-10  1.2239335E-10  3.8311565E-01
   zr92     92   1.8668586E-10  3.4377537E-10  1.5708951E-10  5.6916455E-10  2.6010902E-10  3.4008241E-01
   zr93     93   5.0943940E-11  5.0943940E-11  0.0000000E+00  8.4344275E-11  0.0000000E+00  0.0000000E+00
   zr94     94   2.2805138E-10  3.5631417E-10  1.2826279E-10  5.8992417E-10  2.1237773E-10  4.4368723E-01
   zr95     95   0.0000000E+00  0.0000000E+00  0.0000000E+00  0.0000000E+00  0.0000000E+00  0.0000000E+00
   zr96     96   2.1159369E-11  6.7853029E-11  4.6693659E-11  1.1233946E-10  7.7315425E-11  1.6226617E-01
   nb93     93   5.9956276E-12  7.3820387E-11  6.7824760E-11  1.2221919E-10  1.1230433E-10  3.6742918E-02
   nb94     94   1.7398026E-15  1.7398026E-15  0.0000000E+00  2.8804681E-15  0.0000000E+00  0.0000000E+00
   nb95     95   0.0000000E+00  0.0000000E+00  0.0000000E+00  0.0000000E+00  0.0000000E+00  0.0000000E+00
   mo94     94  -2.4711136E-14  2.5509759E-11  2.5534470E-11  4.2234702E-11  4.2280013E-11 -4.6567927E-04
   mo95     95   2.5479143E-11  6.9875571E-11  4.4396428E-11  1.1568804E-10  7.3511669E-11  1.9693217E-01
   mo96     96   4.8185643E-11  7.7618786E-11  2.9433143E-11  1.2850793E-10  4.8735443E-11  4.2108500E-01
   mo97     97   1.5981914E-11  3.9431333E-11  2.3449419E-11  6.5283667E-11  3.8827584E-11  2.2566420E-01
   mo98     98   5.8733629E-11  1.0602304E-10  4.7289405E-11  1.7553484E-10  7.8301865E-11  3.5059118E-01
   tc99     99   3.5420523E-12  3.5420523E-12  0.0000000E+00  5.8643251E-12  0.0000000E+00  0.0000000E+00
   ru99     99   3.9817490E-12  7.1128910E-12  3.1311423E-12  1.1776310E-11  5.1845494E-12  3.5629821E-01
  ru100    100   2.9276692E-11  4.4896663E-11  1.5619972E-11  7.4332228E-11  2.5863572E-11  4.5848864E-01
  ru101    101   6.1768923E-12  5.2994827E-11  4.6817935E-11  8.7739788E-11  7.7521205E-11  5.3776070E-02
  ru102    102   4.1215573E-11  1.1247447E-10  7.1258895E-11  1.8621601E-10  1.1799059E-10  1.9816965E-01
  rh103    103   6.8009140E-12  5.8718939E-11  5.1918025E-11  9.7216790E-11  8.5965943E-11  5.3414829E-02
  pd104    104   2.2985565E-11  3.4061431E-11  1.1075866E-11  5.6393099E-11  1.8339436E-11  4.8783997E-01
  pd105    105   5.6656901E-12  5.4170380E-11  4.8504690E-11  8.9686064E-11  8.0314137E-11  4.7932968E-02
  pd106    106   2.6858262E-11  7.2753165E-11  4.5894902E-11  1.2045226E-10  7.5992844E-11  2.0004225E-01
  pd107    107   5.2112850E-12  5.2112850E-12  0.0000000E+00  8.6279560E-12  0.0000000E+00  0.0000000E+00
  pd108    108   3.4651788E-11  7.5795745E-11  4.1143956E-11  1.2548965E-10  6.8126227E-11  2.6529357E-01
  ag107    107  -2.9226621E-14  4.5438483E-11  4.5467709E-11  7.5229281E-11  7.5285500E-11 -3.2442054E-04
  ag108    108   0.0000000E+00  0.0000000E+00  0.0000000E+00  0.0000000E+00  0.0000000E+00  0.0000000E+00
  ag109    109   8.6186717E-12  4.7407567E-11  3.8788896E-11  7.8489354E-11  6.4226707E-11  8.7095104E-02
  cd108    108   9.7461618E-15  9.7461618E-15  0.0000000E+00  1.6136030E-14  0.0000000E+00  0.0000000E+00
  cd109    109   0.0000000E+00  0.0000000E+00  0.0000000E+00  0.0000000E+00  0.0000000E+00  0.0000000E+00
  cd110    110   3.0412100E-11  4.3050435E-11  1.2638334E-11  7.1275555E-11  2.0926573E-11  5.3224254E-01
  cd111    111   1.0007113E-11  4.2710436E-11  3.2703323E-11  7.0712644E-11  5.4150205E-11  1.1589696E-01
  cd112    112   3.8871708E-11  8.8776188E-11  4.9904480E-11  1.4698046E-10  8.2631908E-11  2.5011182E-01
  cd113    113   1.1393428E-11  4.1235324E-11  2.9841896E-11  6.8270410E-11  4.9412256E-11  1.4039785E-01
  cd114    114   5.7074564E-11  1.0406882E-10  4.6994252E-11  1.7229937E-10  7.7813152E-11  3.4523070E-01
  in115    115   1.0897777E-11  3.7689424E-11  2.6791647E-11  6.2399710E-11  4.4361650E-11  1.4817488E-01
  sn116    116   8.1482404E-11  1.1974270E-10  3.8260298E-11  1.9824951E-10  6.3351456E-11  4.9545550E-01
  sn117    117   2.3502540E-11  5.8808867E-11  3.5306327E-11  9.7365678E-11  5.8460264E-11  2.2154512E-01
  sn118    118   1.1523777E-10  1.9522288E-10  7.9985109E-11  3.2321670E-10  1.3243945E-10  3.8747644E-01
  sn119    119   3.3272350E-11  5.7718479E-11  2.4446127E-11  9.5560400E-11  4.0477934E-11  3.7305963E-01
  sn120    120   1.8841054E-10  2.8871128E-10  1.0030074E-10  4.7799881E-10  1.6607810E-10  4.5911446E-01
  sb121    121   1.3379962E-11  3.9219156E-11  2.5839194E-11  6.4932379E-11  4.2784571E-11  1.8117413E-01
  te122    122   2.3473404E-11  3.3946963E-11  1.0473560E-11  5.6203583E-11  1.7342135E-11  5.1066148E-01
  te123    123   8.6428156E-12  1.2374193E-11  3.7313772E-12  2.0487076E-11  6.1784198E-12  5.2060258E-01
  te124    124   4.6152353E-11  6.6001184E-11  1.9848829E-11  1.0927349E-10  3.2865721E-11  5.2177167E-01
  te125    125   1.5422580E-11  7.6633824E-11  6.1211244E-11  1.2687720E-10  1.0135367E-10  9.7544111E-02
  te126    126   8.9142957E-11  2.3298852E-10  1.4384556E-10  3.8574260E-10  2.3817967E-10  2.0939292E-01
   i127    127   1.1150830E-11  1.9047872E-10  1.7932789E-10  3.1536213E-10  2.9693137E-10  2.6153440E-02
  xe128    128   2.8669928E-11  3.9079538E-11  1.0409611E-11  6.4701224E-11  1.7236249E-11  5.7446980E-01
  xe129    129   1.0276835E-11  2.7511746E-10  2.6484062E-10  4.5549250E-10  4.3852350E-10  1.6488383E-02
  xe130    130   5.9616770E-11  7.6314892E-11  1.6698126E-11  1.2634917E-10  2.7648783E-11  6.5989637E-01
  xe131    131   2.2253907E-11  2.3223201E-10  2.0997810E-10  3.8449011E-10  3.4768205E-10  4.3702908E-02
  xe132    132   1.2149595E-10  3.3513384E-10  2.1363789E-10  5.5485738E-10  3.5374192E-10  1.9549483E-01
  xe133    133   0.0000000E+00  0.0000000E+00  0.0000000E+00  0.0000000E+00  0.0000000E+00  0.0000000E+00
  xe134    134   3.4220335E-12  1.0096998E-10  9.7547949E-11  1.6716885E-10  1.6152003E-10  1.4928931E-02
  cs133    133   1.6080082E-11  8.8812749E-11  7.2732667E-11  1.4704098E-10  1.2043085E-10  8.6700641E-02
  cs134    134   0.0000000E+00  0.0000000E+00  0.0000000E+00  0.0000000E+00  0.0000000E+00  0.0000000E+00
  cs135    135   3.5982158E-11  3.5982158E-11  0.0000000E+00  5.9573110E-11  0.0000000E+00  0.0000000E+00
  cs136    136   0.0000000E+00  0.0000000E+00  0.0000000E+00  0.0000000E+00  0.0000000E+00  0.0000000E+00
  cs137    137   1.0604288E-17  1.0604288E-17  0.0000000E+00  1.7556768E-17  0.0000000E+00  0.0000000E+00
  ba134    134   1.8901294E-11  3.4297083E-11  1.5395789E-11  5.6783252E-11  2.5492370E-11  3.4781003E-01
  ba135    135   6.3842404E-12  7.7535416E-11  7.1151175E-11  1.2836990E-10  1.1781222E-10  3.7272878E-02
  ba136    136   1.2849759E-10  1.7238852E-10  4.3890929E-11  2.8541147E-10  7.2674665E-11  5.9408844E-01
  ba137    137   1.0837745E-10  2.0412930E-10  9.5751844E-11  3.3796244E-10  1.5854604E-10  3.2871303E-01
  ba138    138   1.3782869E-09  1.7444781E-09  3.6619122E-10  2.8882090E-09  6.0633992E-10  6.7791247E-01
  la139    139   1.6331672E-10  2.1834162E-10  5.5024901E-11  3.6149278E-10  9.1110314E-11  5.9853208E-01
  ce140    140   4.8922166E-10  5.9020727E-10  1.0098564E-10  9.7716435E-10  1.6721216E-10  7.6669973E-01
  ce141    141   0.0000000E+00  0.0000000E+00  0.0000000E+00  0.0000000E+00  0.0000000E+00  0.0000000E+00
  ce142    142   6.6786247E-12  3.3154920E-11  2.6476295E-11  5.4892254E-11  4.3839488E-11  9.7645588E-02
  pr141    141   4.5119498E-11  7.1055072E-11  2.5935573E-11  1.1764086E-10  4.2944162E-11  4.3765405E-01
  nd142    142   1.3446672E-10  1.5527228E-10  2.0805559E-11  2.5707333E-10  3.4449877E-11  8.7286937E-01
  nd143    143   1.9025618E-11  3.7511019E-11  1.8485401E-11  6.2104336E-11  3.0608151E-11  3.0728480E-01
  nd144    144   6.0011641E-11  9.1717370E-11  3.1705728E-11  1.5184996E-10  5.2498391E-11  4.6126869E-01
  nd145    145   1.0989392E-11  2.4380671E-11  1.3391279E-11  4.0365350E-11  2.2173300E-11  2.6017839E-01
  nd146    146   5.5785009E-11  7.6905926E-11  2.1120918E-11  1.2732770E-10  3.4972050E-11  5.6120187E-01
  nd147    147   0.0000000E+00  0.0000000E+00  0.0000000E+00  0.0000000E+00  0.0000000E+00  0.0000000E+00
  nd148    148   4.4401427E-12  1.5380357E-11  1.0940214E-11  2.5464167E-11  1.8114820E-11  1.4789544E-01
  pm147    147   1.1584260E-38  1.1584260E-38  0.0000000E+00  1.9179239E-38  0.0000000E+00  0.0000000E+00
  pm148    148   0.0000000E+00  0.0000000E+00  0.0000000E+00  0.0000000E+00  0.0000000E+00  0.0000000E+00
  sm147    147   6.7000121E-12  1.4373006E-11  7.6729942E-12  2.3796369E-11  1.2704954E-11  2.7253759E-01
  sm148    148   1.4567007E-11  1.8197060E-11  3.6300524E-12  3.0127584E-11  6.0106460E-12  7.0004320E-01
  sm149    149   2.4182410E-12  1.0387941E-11  7.9697004E-12  1.7198579E-11  1.3196243E-11  1.1504229E-01
  sm150    150   1.1747338E-11  1.3877343E-11  2.1300045E-12  2.2975734E-11  3.5268646E-12  8.1388062E-01
  sm151    151   7.0374785E-16  7.0374785E-16  0.0000000E+00  1.1651455E-15  0.0000000E+00  0.0000000E+00
  sm152    152   1.0588875E-11  2.5416145E-11  1.4827270E-11  4.2079711E-11  2.4551014E-11  2.3400334E-01
  eu151    151   1.7042331E-12  1.1987041E-11  1.0282808E-11  1.9846095E-11  1.7026287E-11  6.6555120E-02
  eu152    152   1.6922120E-24  1.6922120E-24  0.0000000E+00  2.8016756E-24  0.0000000E+00  0.0000000E+00
  eu153    153   1.9289847E-12  1.4132385E-11  1.2203401E-11  2.3397990E-11  2.0206409E-11  6.3689426E-02
  eu154    154   6.8697079E-25  6.8697079E-25  0.0000000E+00  1.1373689E-24  0.0000000E+00  0.0000000E+00
  eu155    155   2.5832878E-30  2.5832878E-30  0.0000000E+00  4.2769668E-30  0.0000000E+00  0.0000000E+00
  gd152    152   3.8401763E-16  9.8494983E-14  9.8110966E-14  1.6307118E-13  1.6245227E-13  1.6514355E-03
  gd153    153   0.0000000E+00  0.0000000E+00  0.0000000E+00  0.0000000E+00  0.0000000E+00  0.0000000E+00
  gd154    154   1.2296424E-12  2.1242502E-12  8.9460785E-13  3.5169708E-12  1.4812928E-12  3.7552783E-01
  gd155    155   3.5089839E-12  1.5117362E-11  1.1608378E-11  2.5028746E-11  1.9221170E-11  1.1465927E-01
  gd156    156   8.1251238E-12  2.3546099E-11  1.5420975E-11  3.8983608E-11  2.5534073E-11  1.8376192E-01
  gd157    157   3.7927552E-12  1.6312354E-11  1.2519599E-11  2.7007211E-11  2.0729972E-11  1.1488102E-01
  gd158    158   1.5931281E-11  3.3542495E-11  1.7611215E-11  5.5533935E-11  2.9160674E-11  2.7976090E-01
  tb159    159   3.4522749E-12  1.9330182E-11  1.5877907E-11  3.2003615E-11  2.6290659E-11  8.5397556E-02
  dy160    160   5.8263949E-12  6.7558576E-12  9.2946267E-13  1.1185195E-11  1.5390056E-12  8.6140335E-01
  dy161    161   2.5284445E-12  2.2521918E-11  1.9993474E-11  3.7287947E-11  3.3105223E-11  5.1671956E-02
  dy162    162   1.1267542E-11  3.9468075E-11  2.8200532E-11  6.5344501E-11  4.6694482E-11  1.4594351E-01
  dy163    163   4.7054305E-12  2.9598927E-11  2.4893497E-11  4.9004849E-11  4.1218688E-11  7.5144887E-02
  dy164    164   2.3060427E-11  4.9162535E-11  2.6102108E-11  8.1394932E-11  4.3219907E-11  2.7491355E-01
  ho165    165   4.2300399E-12  2.7073118E-11  2.2843078E-11  4.4823045E-11  3.7823602E-11  7.3738471E-02
  er166    166   9.7562687E-12  3.0419785E-11  2.0663516E-11  5.0363883E-11  3.4214680E-11  1.6790672E-01
  er167    167   3.9045971E-12  1.8794088E-11  1.4889491E-11  3.1116040E-11  2.4654039E-11  1.0109627E-01
  er168    168   1.5385828E-11  3.0356360E-11  1.4970532E-11  5.0258877E-11  2.4788229E-11  3.0696729E-01
  er169    169   0.0000000E+00  0.0000000E+00  0.0000000E+00  0.0000000E+00  0.0000000E+00  0.0000000E+00
  er170    170   3.6456246E-12  1.3953224E-11  1.0307599E-11  2.3101365E-11  1.7067337E-11  1.3147189E-01
  tm169    169   3.8388268E-12  1.2987401E-11  9.1485743E-12  2.1502321E-11  1.5148223E-11  1.5212366E-01
  tm170    170   0.0000000E+00  0.0000000E+00  0.0000000E+00  0.0000000E+00  0.0000000E+00  0.0000000E+00
  tm171    171   0.0000000E+00  0.0000000E+00  0.0000000E+00  0.0000000E+00  0.0000000E+00  0.0000000E+00
  yb170    170   4.5103444E-12  5.1687101E-12  6.5836594E-13  8.5574672E-12  1.0901233E-12  8.9486963E-01
  yb171    171   7.1396899E-12  1.5621315E-11  8.4816251E-12  2.5863105E-11  1.4043888E-11  2.6519334E-01
  yb172    172   1.7098793E-11  2.9136814E-11  1.2038022E-11  4.8239763E-11  1.9932573E-11  3.8384181E-01
  yb173    173   7.6594842E-12  1.7247882E-11  9.5883978E-12  2.8556097E-11  1.5876484E-11  2.5494450E-01
  yb174    174   3.5924631E-11  5.0854973E-11  1.4930343E-11  8.4196976E-11  2.4721685E-11  5.3221846E-01
  lu175    175   4.6703162E-12  1.4143692E-11  9.4733761E-12  2.3416710E-11  1.5686031E-11  1.7401284E-01
  lu176    176   3.5122489E-12  3.7394532E-12  2.2720435E-13  6.1911479E-12  3.7620528E-13  1.2163463E+00
  lu177    177   0.0000000E+00  0.0000000E+00  0.0000000E+00  0.0000000E+00  0.0000000E+00  0.0000000E+00
  hf176    176   1.1045255E-14  9.1985198E-13  9.0880672E-13  1.5229338E-12  1.5048036E-12  5.2012159E-03
  hf177    177   3.8535859E-12  1.1312128E-11  7.4585425E-12  1.8728690E-11  1.2349865E-11  1.8084522E-01
  hf178    178   1.8410360E-11  2.7172101E-11  8.7617413E-12  4.4986924E-11  1.4507704E-11  4.9148762E-01
  hf179    179   6.4241060E-12  1.1586098E-11  5.1619915E-12  1.9182281E-11  8.5472324E-12  3.5107476E-01
  hf180    180   3.7377927E-11  4.7281023E-11  9.9030940E-12  7.8279841E-11  1.6397557E-11  6.7887080E-01
  ta181    181   7.4308996E-12  1.2414110E-11  4.9832100E-12  2.0553163E-11  8.2512061E-12  3.9636123E-01
  ta182    182   0.0000000E+00  0.0000000E+00  0.0000000E+00  0.0000000E+00  0.0000000E+00  0.0000000E+00
  ta183    183   0.0000000E+00  0.0000000E+00  0.0000000E+00  0.0000000E+00  0.0000000E+00  0.0000000E+00
   w182    182   1.1025060E-11  1.7385329E-11  6.3602691E-12  2.8783659E-11  1.0531343E-11  4.3666226E-01
   w183    183   9.5733204E-12  1.3185792E-11  3.6124716E-12  2.1830782E-11  5.9815360E-12  5.6225657E-01
   w184    184   2.8255683E-11  3.5578006E-11  7.3223233E-12  5.8903986E-11  1.2124314E-11  6.8648750E-01
   w185    185   0.0000000E+00  0.0000000E+00  0.0000000E+00  0.0000000E+00  0.0000000E+00  0.0000000E+00
   w186    186   1.9251482E-11  2.9320327E-11  1.0068845E-11  4.8543589E-11  1.6672009E-11  4.6414393E-01
  re185    185   5.8458629E-12  1.0522761E-11  4.6768986E-12  1.7421791E-11  7.7440155E-12  3.5212660E-01
  re186    186   0.0000000E+00  0.0000000E+00  0.0000000E+00  0.0000000E+00  0.0000000E+00  0.0000000E+00
  re187    187   2.5630401E-12  1.2688842E-11  1.0125802E-11  2.1008018E-11  1.6766318E-11  9.7947404E-02
  os186    186   9.2162580E-12  1.0656895E-11  1.4406371E-12  1.7643866E-11  2.3854091E-12  8.6903083E-01
  os187    187   3.3407402E-12  4.0649428E-12  7.2420254E-13  6.7300380E-12  1.1991356E-12  7.4914920E-01
  os188    188   1.6075774E-11  4.2097360E-11  2.6021586E-11  6.9697623E-11  4.3086579E-11  2.0887597E-01
  os189    189   4.1479459E-12  3.8648963E-11  3.4501017E-11  6.3988349E-11  5.7126835E-11  4.9260736E-02
  os190    190   1.9508173E-11  7.3835507E-11  5.4327334E-11  1.2224423E-10  8.9955272E-11  1.3320173E-01
  os191    191   0.0000000E+00  0.0000000E+00  0.0000000E+00  0.0000000E+00  0.0000000E+00  0.0000000E+00
  os192    192   4.7814530E-12  9.6113908E-11  9.1332455E-11  1.5912900E-10  1.5122840E-10  2.2115944E-02
  ir191    191   3.9629827E-12  7.9210513E-11  7.5247530E-11  1.3114324E-10  1.2459497E-10  2.2245374E-02
  ir192    192   0.0000000E+00  0.0000000E+00  0.0000000E+00  0.0000000E+00  0.0000000E+00  0.0000000E+00
  ir193    193   4.7152976E-12  1.3288068E-10  1.2816538E-10  2.2000113E-10  2.1221642E-10  1.5645912E-02
  pt192    192   4.8752838E-12  6.1145802E-12  1.2392964E-12  1.0123478E-11  2.0520287E-12  6.9314629E-01
  pt193    193   4.6987790E-17  4.6987790E-17  0.0000000E+00  7.7794358E-17  0.0000000E+00  0.0000000E+00
  pt194    194   1.6429205E-11  1.5450344E-10  1.3807423E-10  2.5580041E-10  2.2862351E-10  4.8780333E-02
  pt195    195   6.3851840E-12  1.5162520E-10  1.4524001E-10  2.5103511E-10  2.4048863E-10  1.8639909E-02
  pt196    196   3.0762032E-11  1.3433644E-10  1.0357441E-10  2.2241134E-10  1.7149868E-10  1.1289617E-01
  au197    197   9.9319199E-12  6.7417294E-11  5.7485374E-11  1.1161804E-10  9.5184367E-11  6.9168754E-02
  hg198    198   3.6425217E-11  4.0898243E-11  4.4730257E-12  6.7712329E-11  7.4064426E-12  9.6105808E-01
  hg199    199   1.5853874E-11  3.1782760E-11  1.5928887E-11  5.2620467E-11  2.6375074E-11  2.9996103E-01
  hg200    200   5.2597118E-11  6.8909246E-11  1.6312129E-11  1.1408816E-10  2.7009645E-11  6.2572169E-01
  hg201    201   2.1208927E-11  3.2602563E-11  1.1393637E-11  5.3977756E-11  1.8865602E-11  4.5654419E-01
  hg202    202   8.8174475E-11  1.0698974E-10  1.8815260E-11  1.7713533E-10  3.1154336E-11  7.5478673E-01
  tl203    203   4.2686094E-11  5.2992045E-11  1.0305951E-11  8.7735180E-11  1.7064608E-11  7.1107745E-01
  tl204    204   3.6257471E-32  3.6257471E-32  0.0000000E+00  6.0028929E-32  0.0000000E+00  0.0000000E+00
  tl205    205   4.6231706E-11  6.9921159E-11  2.3689455E-11  1.1576352E-10  3.9225036E-11  4.7000837E-01
  pb204    204   4.4132125E-11  5.1637503E-11  7.5053783E-12  8.5492557E-11  1.2427416E-11  8.3754748E-01
  pb205    205   2.2608113E-11  2.2608113E-11  0.0000000E+00  3.7430652E-11  0.0000000E+00  0.0000000E+00
  pb206    206   3.9713366E-10  5.1496057E-10  1.1782693E-10  8.5258378E-10  1.9509798E-10  6.4048433E-01
  pb207    207   6.8763412E-10  8.2342116E-10  1.3578703E-10  1.3632802E-09  2.2483639E-10  7.8271854E-01
  pb208    208   1.6871589E-08  1.7124576E-08  2.5298677E-10  2.8351948E-08  4.1889586E-10  1.8304769E+00
  bi209    209   2.7633865E-10  3.1473166E-10  3.8393018E-11  5.2107890E-10  6.3571218E-11  9.1364294E-01
  bi210    210   0.0000000E+00  0.0000000E+00  0.0000000E+00  0.0000000E+00  0.0000000E+00  0.0000000E+00
  po210    210   2.1123607E-09  2.1123607E-09  0.0000000E+00  3.4972862E-09  0.0000000E+00  0.0000000E+00
