# Minitial =  6.50 msun, Z = 0.0016, Mfinal = 1.046 msun
  species    A      yield       mass(i)_lost    mass(i)_0        <X(i)>          X0(i)   log10(<X(i)>/X0(i)) 
      n      1   0.0000000E+00  0.0000000E+00  0.0000000E+00  0.0000000E+00  0.0000000E+00  0.0000000E+00
      p      1  -6.4794207E-01  3.5440059E+00  4.1919479E+00  6.4979941E-01  7.6864678E-01 -7.2947510E-02
      d      2   2.3560954E-17  2.3560954E-17  0.0000000E+00  4.3199404E-18  0.0000000E+00  0.0000000E+00
    he3      3   8.0833860E-07  8.1527611E-07  6.9374941E-09  1.4948223E-07  1.2720773E-09  2.0700760E+00
    he4      4   6.1230981E-01  1.8650947E+00  1.2527848E+00  3.4196821E-01  2.2971398E-01  1.7279834E-01
    li7      7  -3.6727079E-09  2.1436962E-11  3.6941448E-09  3.9305026E-12  6.7736822E-10 -2.2363768E+00
    be7      7   4.4620273E-11  4.4620273E-11  0.0000000E+00  8.1812014E-12  0.0000000E+00  0.0000000E+00
     b8      8   3.0647694E-20  3.0647694E-20  0.0000000E+00  5.6193061E-21  0.0000000E+00  0.0000000E+00
    c12     12   4.1624077E-04  1.5712681E-03  1.1550273E-03  2.8809463E-04  2.1178889E-04  1.3363197E-01
    c13     13   3.6876462E-04  3.6876719E-04  2.5538924E-09  6.7614077E-05  4.6828852E-10  5.1595235E+00
    c14     14   4.4328458E-11  4.4328458E-11  0.0000000E+00  8.1276964E-12  0.0000000E+00  0.0000000E+00
    n13     13   0.0000000E+00  0.0000000E+00  0.0000000E+00  0.0000000E+00  0.0000000E+00  0.0000000E+00
    n14     14   3.8510796E-02  3.8511589E-02  7.9181234E-07  7.0611644E-03  1.4518884E-07  4.6869431E+00
    n15     15   3.3480746E-06  3.3481006E-06  2.5827439E-11  6.1387982E-07  4.7357882E-12  5.1126909E+00
    o14     14   0.0000000E+00  0.0000000E+00  0.0000000E+00  0.0000000E+00  0.0000000E+00  0.0000000E+00
    o15     15   0.0000000E+00  0.0000000E+00  0.0000000E+00  0.0000000E+00  0.0000000E+00  0.0000000E+00
    o16     16  -4.4481619E-03  1.2736563E-03  5.7218182E-03  2.3352700E-04  1.0491678E-03 -6.5250790E-01
    o17     17   6.5316913E-06  6.5320037E-06  3.1227448E-10  1.1976538E-06  5.7259482E-11  4.3204837E+00
    o18     18   8.1019907E-10  1.3812661E-09  5.7106703E-10  2.5325744E-10  1.0471237E-10  3.8356423E-01
    o19     19   0.0000000E+00  0.0000000E+00  0.0000000E+00  0.0000000E+00  0.0000000E+00  0.0000000E+00
    f17     17   0.0000000E+00  0.0000000E+00  0.0000000E+00  0.0000000E+00  0.0000000E+00  0.0000000E+00
    f18     18   4.8746830E-40  4.8746830E-40  0.0000000E+00  8.9377619E-41  0.0000000E+00  0.0000000E+00
    f19     19   4.1976947E-10  4.4277446E-10  2.3004992E-11  8.1183435E-11  4.2182564E-12  1.2843344E+00
    f20     20   0.0000000E+00  0.0000000E+00  0.0000000E+00  0.0000000E+00  0.0000000E+00  0.0000000E+00
   ne19     19   0.0000000E+00  0.0000000E+00  0.0000000E+00  0.0000000E+00  0.0000000E+00  0.0000000E+00
   ne20     20   1.7413753E-05  5.3554418E-04  5.1813043E-04  9.8192919E-05  9.5005780E-05  1.4330149E-02
   ne21     21  -1.2787517E-08  4.8259160E-08  6.1046677E-08  8.8483976E-09  1.1193682E-08 -1.0210831E-01
   ne22     22   2.6760815E-04  2.6766188E-04  5.3718672E-08  4.9076250E-05  9.8499990E-09  3.6974351E+00
   ne23     23   0.0000000E+00  0.0000000E+00  0.0000000E+00  0.0000000E+00  0.0000000E+00  0.0000000E+00
   na21     21   0.0000000E+00  0.0000000E+00  0.0000000E+00  0.0000000E+00  0.0000000E+00  0.0000000E+00
   na22     22   3.7680142E-10  3.7680142E-10  0.0000000E+00  6.9087167E-11  0.0000000E+00  0.0000000E+00
   na23     23   4.5517841E-06  7.1527006E-06  2.6009166E-06  1.3114596E-06  4.7691100E-07  4.3931758E-01
   na24     24   3.9339382E-35  3.9339382E-35  0.0000000E+00  7.2129414E-36  0.0000000E+00  0.0000000E+00
   mg23     23   0.0000000E+00  0.0000000E+00  0.0000000E+00  0.0000000E+00  0.0000000E+00  0.0000000E+00
   mg24     24  -3.0096530E-04  3.5514195E-06  3.0451673E-04  6.5115870E-07  5.5836997E-05 -1.9332352E+00
   mg25     25   3.1818944E-04  3.1842111E-04  2.3165884E-07  5.8383041E-05  4.2477584E-08  3.1381269E+00
   mg26     26   3.3520284E-04  3.3542619E-04  2.2334150E-07  6.1500949E-05  4.0952493E-08  3.1766014E+00
   mg27     27   0.0000000E+00  0.0000000E+00  0.0000000E+00  0.0000000E+00  0.0000000E+00  0.0000000E+00
   al25     25   0.0000000E+00  0.0000000E+00  0.0000000E+00  0.0000000E+00  0.0000000E+00  0.0000000E+00
   al-6     26   4.0550374E-05  4.0550374E-05  0.0000000E+00  7.4349787E-06  0.0000000E+00  0.0000000E+00
   al*6     26   0.0000000E+00  0.0000000E+00  0.0000000E+00  0.0000000E+00  0.0000000E+00  0.0000000E+00
   al27     27   6.4296233E-05  6.7017565E-05  2.7213300E-06  1.2287783E-05  4.9899035E-07  1.3913814E+00
   al28     28   0.0000000E+00  0.0000000E+00  0.0000000E+00  0.0000000E+00  0.0000000E+00  0.0000000E+00
   si27     27   0.0000000E+00  0.0000000E+00  0.0000000E+00  0.0000000E+00  0.0000000E+00  0.0000000E+00
   si28     28   1.8732913E-05  6.8029715E-04  6.6156423E-04  1.2473362E-04  1.2130618E-04  1.2100623E-02
   si29     29   3.2020598E-06  3.6033273E-06  4.0126747E-07  6.6067605E-07  7.3577475E-08  9.5324373E-01
   si30     30   7.3772640E-06  7.6032234E-06  2.2595941E-07  1.3940637E-06  4.1432521E-08  1.5269413E+00
   si31     31   0.0000000E+00  0.0000000E+00  0.0000000E+00  0.0000000E+00  0.0000000E+00  0.0000000E+00
   si32     32   1.1745181E-09  1.1745181E-09  0.0000000E+00  2.1534986E-10  0.0000000E+00  0.0000000E+00
   si33     33   0.0000000E+00  0.0000000E+00  0.0000000E+00  0.0000000E+00  0.0000000E+00  0.0000000E+00
    p29     29   0.0000000E+00  0.0000000E+00  0.0000000E+00  0.0000000E+00  0.0000000E+00  0.0000000E+00
    p30     30   0.0000000E+00  0.0000000E+00  0.0000000E+00  0.0000000E+00  0.0000000E+00  0.0000000E+00
    p31     31   2.6517150E-06  2.7482699E-06  9.6554871E-08  5.0389986E-07  1.7704558E-08  1.4542592E+00
    p32     32   2.9983202E-13  2.9983202E-13  0.0000000E+00  5.4974702E-14  0.0000000E+00  0.0000000E+00
    p33     33  -2.1782176E-18 -2.1782176E-18  0.0000000E+00 -3.9937983E-19  0.0000000E+00  0.0000000E+00
    p34     34   0.0000000E+00  0.0000000E+00  0.0000000E+00  0.0000000E+00  0.0000000E+00  0.0000000E+00
    s32     32  -2.4418987E-06  2.4790128E-04  2.5034318E-04  4.5453111E-05  4.5903591E-05 -4.2830459E-03
    s33     33   7.0430161E-08  1.6189709E-07  9.1466930E-08  2.9684102E-08  1.6771621E-08  2.4794891E-01
    s34     34   1.1212688E-07  5.3492136E-07  4.2279447E-07  9.8078722E-08  7.7524717E-08  1.0213460E-01
    s35     35   1.7478968E-07  1.7478968E-07  0.0000000E+00  3.2047978E-08  0.0000000E+00  0.0000000E+00
   fe54     54  -1.7323146E-08  8.2204815E-07  8.3937130E-07  1.5072391E-07  1.5390937E-07 -9.0829143E-03
   fe55     55   2.6898466E-09  2.6898466E-09  0.0000000E+00  4.9318788E-10  0.0000000E+00  0.0000000E+00
   fe56     56  -5.0640956E-06  2.9416007E-04  2.9922416E-04  5.3934738E-05  5.4866541E-05 -7.4390126E-03
   fe57     57   1.3721024E-07  2.7647534E-06  2.6275432E-06  5.0692216E-07  4.8179334E-07  2.2080470E-02
   fe58     58   4.7885749E-07  4.7885766E-07  1.7853793E-13  8.7799350E-08  3.2737190E-14  6.4284501E+00
   fe59     59  -2.8425322E-19 -2.8425322E-19  0.0000000E+00 -5.2118305E-20  0.0000000E+00  0.0000000E+00
   fe60     60   1.1712139E-06  1.1712139E-06  0.0000000E+00  2.1474402E-07  0.0000000E+00  0.0000000E+00
   co59     59   2.2876685E-07  1.0496115E-06  8.2084460E-07  1.9244801E-07  1.5051225E-07  1.0674158E-01
   co60     60   3.7370202E-12  3.7370202E-12  0.0000000E+00  6.8518888E-13  0.0000000E+00  0.0000000E+00
   ni58     58  -3.1180207E-07  1.6142221E-05  1.6454023E-05  2.9597031E-06  3.0170536E-06 -8.3348686E-03
   ni59     59   3.4512335E-10  3.4512335E-10  0.0000000E+00  6.3278945E-11  0.0000000E+00  0.0000000E+00
   ni60     60   1.4491683E-07  1.5905098E-07  1.4134162E-08  2.9162264E-08  2.5916778E-09  1.0512402E+00
   ni61     61   1.5797995E-07  1.5800245E-07  2.2497120E-11  2.8970012E-08  4.1251317E-12  3.8465109E+00
   ni62     62   8.3999271E-07  8.3999271E-07  1.9707621E-14  1.5401406E-07  3.6136420E-15  7.6296153E+00
   ni63     63   2.3248392E-09  2.3248392E-09  0.0000000E+00  4.2626314E-10  0.0000000E+00  0.0000000E+00
   ni64     64   8.4336187E-07  8.4336193E-07  3.2682139E-14  1.5463182E-07  5.9926844E-15  7.4116774E+00
   cu63     63   3.2158096E-07  3.4503182E-07  2.3450857E-08  6.3262164E-08  4.3000115E-09  1.1676744E+00
   cu64     64   5.9375020E-37  5.9375020E-37  0.0000000E+00  1.0886510E-37  0.0000000E+00  0.0000000E+00
   cu65     65   1.6974938E-07  1.9844309E-07  2.8693711E-08  3.6384872E-08  5.2613554E-09  8.3982325E-01
   zn64     64  -8.7508738E-09  4.1688838E-07  4.2563926E-07  7.6437182E-08  7.8046348E-08 -9.0479190E-03
   zn65     65  -4.3680437E-17 -4.3680437E-17  0.0000000E+00 -8.0088810E-18  0.0000000E+00  0.0000000E+00
   zn66     66   1.7887947E-07  1.7889238E-07  1.2902921E-11  3.2800216E-08  2.3659139E-12  4.1418777E+00
   zn67     67   3.9969073E-08  3.9972043E-08  2.9685852E-12  7.3289410E-09  5.4432771E-13  4.1291809E+00
   zn68     68   2.7168005E-07  2.7223291E-07  5.5285937E-10  4.9914359E-08  1.0137376E-10  2.6922998E+00
   zn69     69   0.0000000E+00  0.0000000E+00  0.0000000E+00  0.0000000E+00  0.0000000E+00  0.0000000E+00
   zn70     70   2.0682993E-09  2.0682993E-09  0.0000000E+00  3.7922612E-10  0.0000000E+00  0.0000000E+00
   ga69     69   3.7355239E-08  5.3552700E-08  1.6197461E-08  9.8189767E-09  2.9700096E-09  5.1930839E-01
   ga70     70   0.0000000E+00  0.0000000E+00  0.0000000E+00  0.0000000E+00  0.0000000E+00  0.0000000E+00
   ga71     71   3.4175013E-08  4.3369891E-08  9.1948786E-09  7.9519422E-09  1.6859976E-09  6.7361629E-01
   ge70     70   5.8124925E-08  6.4244865E-08  6.1199388E-09  1.1779403E-08  1.1221682E-09  1.0210654E+00
   ge71     71   1.2709889E-25  1.2709889E-25  0.0000000E+00  2.3303794E-26  0.0000000E+00  0.0000000E+00
   ge72     72   5.8989965E-08  8.1437207E-08  2.2447242E-08  1.4931647E-08  4.1159862E-09  5.5963385E-01
   ge73     73   1.7779083E-08  2.5341400E-08  7.5623161E-09  4.6463882E-09  1.3866464E-09  5.2514976E-01
   ge74     74   7.8474720E-08  1.1483795E-07  3.6363225E-08  2.1055730E-08  6.6676575E-09  4.9939704E-01
   as75     75   7.1323263E-09  1.3621501E-08  6.4891750E-09  2.4975251E-09  1.1898724E-09  3.2200947E-01
   se76     76   2.5487678E-08  2.7550168E-08  2.0624908E-09  5.0513695E-09  3.7818382E-10  1.1257062E+00
   se77     77   1.0002053E-08  1.4182697E-08  4.1806434E-09  2.6004212E-09  7.6657397E-10  5.3048962E-01
   se78     78   6.5744203E-08  7.7343074E-08  1.1598869E-08  1.4180982E-08  2.1267994E-09  8.2397979E-01
   se79     79   1.3016563E-08  1.3016563E-08  0.0000000E+00  2.3866085E-09  0.0000000E+00  0.0000000E+00
   se80     80   8.3173205E-08  1.1510706E-07  3.1933851E-08  2.1105071E-08  5.8554761E-09  5.5682468E-01
   br79     79   1.9583255E-09  2.3303786E-09  3.7205311E-10  4.2727880E-10  6.8220651E-11  7.9679549E-01
   br80     80   0.0000000E+00  0.0000000E+00  0.0000000E+00  0.0000000E+00  0.0000000E+00  0.0000000E+00
   br81     81   1.0954080E-08  2.1241238E-08  1.0287158E-08  3.8946166E-09  1.8862807E-09  3.1485838E-01
   kr80     80  -5.8818506E-12  4.7018733E-10  4.7606918E-10  8.6209630E-11  8.7293311E-11 -5.4251971E-03
   kr81     81   1.4653869E-12  1.4653869E-12  0.0000000E+00  2.6868115E-13  0.0000000E+00  0.0000000E+00
   kr82     82   3.7809748E-08  4.0776349E-08  2.9666001E-09  7.4764115E-09  5.4396371E-10  1.1381233E+00
   kr83     83   1.3651404E-08  1.9170507E-08  5.5191038E-09  3.5149443E-09  1.0119976E-09  5.4073900E-01
   kr84     84   8.7716110E-08  1.1503066E-07  2.7314549E-08  2.1091063E-08  5.0084683E-09  6.2439352E-01
   kr-5     85   7.7532859E-12  7.7532859E-12  0.0000000E+00  1.4215779E-12  0.0000000E+00  0.0000000E+00
   kr*5     85   0.0000000E+00  0.0000000E+00  0.0000000E+00  0.0000000E+00  0.0000000E+00  0.0000000E+00
   kr86     86   2.3642986E-07  2.4235342E-07  5.9235616E-09  4.4435904E-08  1.0861602E-09  1.6118401E+00
   rb85     85   3.1871711E-08  3.5685623E-08  3.8139119E-09  6.5430186E-09  6.9932904E-10  9.7109658E-01
   rb86     86  -1.3755043E-24 -1.3755043E-24  0.0000000E+00 -2.5220100E-25  0.0000000E+00  0.0000000E+00
   rb87     87   5.8811516E-08  6.0061581E-08  1.2500661E-09  1.1012391E-08  2.2921544E-10  1.6816378E+00
   sr86     86   1.3877435E-08  1.4935599E-08  1.0581642E-09  2.7384670E-09  1.9402781E-10  1.1496435E+00
   sr87     87   5.8726100E-09  6.6043340E-09  7.3172401E-10  1.2109157E-09  1.3417087E-10  9.5545566E-01
   sr88     88   1.1379893E-07  1.2579679E-07  1.1997852E-08  2.3065050E-08  2.1999580E-09  1.0205400E+00
   sr89     89  -5.6733159E-19 -5.6733159E-19  0.0000000E+00 -1.0402119E-19  0.0000000E+00  0.0000000E+00
   sr90     90   4.7014771E-11  4.7014771E-11  0.0000000E+00  8.6202365E-12  0.0000000E+00  0.0000000E+00
    y89     89   2.9052394E-08  3.2494071E-08  3.4416769E-09  5.9578422E-09  6.3107508E-10  9.7500795E-01
    y90     90   1.1889673E-14  1.1889673E-14  0.0000000E+00  2.1799913E-15  0.0000000E+00  0.0000000E+00
    y91     91  -5.4944552E-19 -5.4944552E-19  0.0000000E+00 -1.0074175E-19  0.0000000E+00  0.0000000E+00
   zr90     90   2.0572797E-08  2.4253072E-08  3.6802752E-09  4.4468411E-09  6.7482503E-10  8.1886041E-01
   zr91     91   5.9572858E-09  6.6247789E-09  6.6749328E-10  1.2146643E-09  1.2239335E-10  9.9669844E-01
   zr92     92   1.1695929E-08  1.3114478E-08  1.4185495E-09  2.4045614E-09  2.6010902E-10  9.6588051E-01
   zr93     93   3.5879488E-09  3.5879488E-09  0.0000000E+00  6.5785638E-10  0.0000000E+00  0.0000000E+00
   zr94     94   1.1752149E-08  1.2910387E-08  1.1582386E-09  2.3671411E-09  2.1237773E-10  1.0471152E+00
   zr95     95  -1.1409816E-18 -1.1409816E-18  0.0000000E+00 -2.0920088E-19  0.0000000E+00  0.0000000E+00
   zr96     96   1.5527728E-08  1.5949382E-08  4.2165305E-10  2.9243459E-09  7.7315425E-11  1.5777626E+00
   nb93     93   6.9484418E-11  6.8195549E-10  6.1247107E-10  1.2503767E-10  1.1230433E-10  4.6644423E-02
   nb94     94   1.3412930E-15  1.3412930E-15  0.0000000E+00  2.4592831E-16  0.0000000E+00  0.0000000E+00
   nb95     95  -1.3712986E-18 -1.3712986E-18  0.0000000E+00 -2.5142987E-19  0.0000000E+00  0.0000000E+00
   mo94     94   4.2274101E-12  2.3480876E-10  2.3058135E-10  4.3052579E-11  4.2280013E-11  7.8640739E-03
   mo95     95   1.6796404E-09  2.0805491E-09  4.0090864E-10  3.8147213E-10  7.3511669E-11  7.1510655E-01
   mo96     96   2.2407878E-09  2.5065749E-09  2.6578717E-10  4.5958470E-10  4.8735443E-11  9.7452068E-01
   mo97     97   1.0998247E-09  1.3115776E-09  2.1175292E-10  2.4047994E-10  3.8827584E-11  7.9193848E-01
   mo98     98   3.0085929E-09  3.4356256E-09  4.2703274E-10  6.2992767E-10  7.8301865E-11  9.0551859E-01
   tc99     99   3.1122302E-10  3.1122302E-10  0.0000000E+00  5.7063260E-11  0.0000000E+00  0.0000000E+00
   ru99     99   5.8317295E-11  8.6592136E-11  2.8274837E-11  1.5876812E-11  5.1845494E-12  4.8605230E-01
  ru100    100   1.2725782E-09  1.4136297E-09  1.4105146E-10  2.5919136E-10  2.5863572E-11  1.0009320E+00
  ru101    101   2.4336050E-10  6.6613581E-10  4.2277531E-10  1.2213711E-10  7.7521205E-11  1.9742712E-01
  ru102    102   1.5617446E-09  2.2052267E-09  6.4348205E-10  4.0433198E-10  1.1799059E-10  5.3489071E-01
  rh103    103   2.3287861E-10  7.0170875E-10  4.6883014E-10  1.2865947E-10  8.5965943E-11  1.7511533E-01
  pd104    104   8.1217871E-10  9.1219599E-10  1.0001729E-10  1.6725266E-10  1.8339436E-11  9.5998704E-01
  pd105    105   1.7410987E-10  6.1211691E-10  4.3800705E-10  1.1223266E-10  8.0314137E-11  1.4532727E-01
  pd106    106   8.8135871E-10  1.2957988E-09  4.1444009E-10  2.3758687E-10  7.5992844E-11  4.9504974E-01
  pd107    107   1.7232019E-10  1.7232019E-10  0.0000000E+00  3.1595195E-11  0.0000000E+00  0.0000000E+00
  pd108    108   1.0522758E-09  1.4238140E-09  3.7153813E-10  2.6105867E-10  6.8126227E-11  5.8342385E-01
  ag107    107  -1.8369833E-11  3.9221265E-10  4.1058248E-10  7.1912844E-11  7.5285500E-11 -1.9904867E-02
  ag108    108   0.0000000E+00  0.0000000E+00  0.0000000E+00  0.0000000E+00  0.0000000E+00  0.0000000E+00
  ag109    109   2.4073246E-10  5.9100391E-10  3.5027145E-10  1.0836156E-10  6.4226707E-11  2.2715960E-01
  cd108    108   1.0088328E-11  1.0088328E-11  0.0000000E+00  1.8497118E-12  0.0000000E+00  0.0000000E+00
  cd109    109  -1.8664255E-23 -1.8664255E-23  0.0000000E+00 -3.4221224E-24  0.0000000E+00  0.0000000E+00
  cd110    110   8.8866209E-10  1.0027887E-09  1.1412667E-10  1.8386299E-10  2.0926573E-11  9.4379622E-01
  cd111    111   2.6985186E-10  5.6516936E-10  2.9531749E-10  1.0362475E-10  5.4150205E-11  2.8186339E-01
  cd112    112   1.0705413E-09  1.5211887E-09  4.5064738E-10  2.7891250E-10  8.2631908E-11  5.2832019E-01
  cd113    113   3.0073219E-10  5.7021049E-10  2.6947830E-10  1.0454904E-10  4.9412256E-11  3.2548535E-01
  cd114    114   1.4959440E-09  1.9203115E-09  4.2436749E-10  3.5209230E-10  7.7813152E-11  6.5560353E-01
  in115    115   2.7175059E-10  5.1368454E-10  2.4193395E-10  9.4184917E-11  4.4361650E-11  3.2697368E-01
  sn116    116   1.9958466E-09  2.3413447E-09  3.4549810E-10  4.2928947E-10  6.3351456E-11  8.3099365E-01
  sn117    117   5.6211491E-10  8.8093810E-10  3.1882316E-10  1.6152148E-10  5.8460264E-11  4.4136947E-01
  sn118    118   2.7186684E-09  3.4409497E-09  7.2228146E-10  6.3090388E-10  1.3243945E-10  6.7794585E-01
  sn119    119   7.5826601E-10  9.7901942E-10  2.2075343E-10  1.7950484E-10  4.0477934E-11  6.4685786E-01
  sn120    120   3.9530987E-09  4.8588342E-09  9.0573560E-10  8.9087537E-10  1.6607810E-10  7.2950459E-01
  sb121    121   2.7068595E-10  5.0401899E-10  2.3333305E-10  9.2412723E-11  4.2784571E-11  3.3444455E-01
  te122    122   4.8662552E-10  5.8120386E-10  9.4578338E-11  1.0656470E-10  1.7342135E-11  7.8851086E-01
  te123    123   1.7493876E-10  2.0863383E-10  3.3695078E-11  3.8253362E-11  6.1784198E-12  7.9179221E-01
  te124    124   8.9378793E-10  1.0730268E-09  1.7923887E-10  1.9674125E-10  3.2865721E-11  7.7715224E-01
  te125    125   2.7354730E-10  8.2629703E-10  5.5274973E-10  1.5150294E-10  1.0135367E-10  1.7458156E-01
  te126    126   1.6058489E-09  2.9048031E-09  1.2989542E-09  5.3260046E-10  2.3817967E-10  3.4949687E-01
   i127    127   1.4001189E-10  1.7593784E-09  1.6193665E-09  3.2258496E-10  2.9693137E-10  3.5988055E-02
  xe128    128   5.3834298E-10  6.3234384E-10  9.4000863E-11  1.1594130E-10  1.7236249E-11  8.2779539E-01
  xe129    129   8.9608765E-11  2.4811724E-09  2.3915636E-09  4.5492710E-10  4.3852350E-10  1.5948942E-02
  xe130    130   1.0254946E-09  1.1762820E-09  1.5078742E-10  2.1567326E-10  2.7648783E-11  8.9212030E-01
  xe131    131   3.0390579E-10  2.2000499E-09  1.8961441E-09  4.0338283E-10  3.4768205E-10  6.4535141E-02
  xe132    132   1.8057258E-09  3.7349186E-09  1.9291928E-09  6.8480355E-10  3.5374192E-10  2.8687945E-01
  xe133    133  -4.1212531E-30 -4.1212531E-30  0.0000000E+00 -7.5563861E-31  0.0000000E+00  0.0000000E+00
  xe134    134   1.6299155E-09  2.5107929E-09  8.8087743E-10  4.6035806E-10  1.6152003E-10  4.5486939E-01
  cs133    133   2.3319474E-10  8.8998520E-10  6.5679046E-10  1.6318027E-10  1.2043085E-10  1.3192995E-01
  cs134    134  -2.8725875E-15 -2.8725875E-15  0.0000000E+00 -5.2669372E-16  0.0000000E+00  0.0000000E+00
  cs135    135   8.6844354E-10  8.6844354E-10  0.0000000E+00  1.5923057E-10  0.0000000E+00  0.0000000E+00
  cs136    136   1.2682243E-26  1.2682243E-26  0.0000000E+00  2.3253104E-27  0.0000000E+00  0.0000000E+00
  cs137    137   2.5728789E-11  2.5728789E-11  0.0000000E+00  4.7174166E-12  0.0000000E+00  0.0000000E+00
  ba134    134   2.0815363E-10  3.4718067E-10  1.3902704E-10  6.3656157E-11  2.5492370E-11  3.9743018E-01
  ba135    135   1.2959078E-12  6.4380523E-10  6.4250932E-10  1.1804277E-10  1.1781222E-10  8.4905763E-04
  ba136    136   1.5586270E-09  1.9549709E-09  3.9634385E-10  3.5844716E-10  7.2674665E-11  6.9304210E-01
  ba137    137   5.6908287E-09  6.5554868E-09  8.6465818E-10  1.2019594E-09  1.5854604E-10  8.7973440E-01
  ba138    138   9.0687875E-09  1.2375567E-08  3.3067795E-09  2.2690809E-09  6.0633992E-10  5.7313383E-01
  la139    139   9.1365943E-10  1.4105452E-09  4.9688581E-10  2.5862582E-10  9.1110314E-11  4.5310435E-01
  ce140    140   1.8199410E-09  2.7318614E-09  9.1192043E-10  5.0089133E-10  1.6721216E-10  4.7647566E-01
  ce141    141  -8.7744563E-23 -8.7744563E-23  0.0000000E+00 -1.6088111E-23  0.0000000E+00  0.0000000E+00
  ce142    142   3.1192013E-10  5.5100635E-10  2.3908622E-10  1.0102794E-10  4.3839488E-11  3.6257601E-01
  pr141    141   1.8611088E-10  4.2031428E-10  2.3420341E-10  7.7065326E-11  4.2944162E-11  2.5395489E-01
  nd142    142   2.6374330E-10  4.5162168E-10  1.8787837E-10  8.2805589E-11  3.4449877E-11  3.8087198E-01
  nd143    143   6.5786168E-11  2.3271302E-10  1.6692685E-10  4.2668320E-11  3.0608151E-11  1.4426844E-01
  nd144    144   1.9646815E-10  4.8277721E-10  2.8630906E-10  8.8518005E-11  5.2498391E-11  2.2688565E-01
  nd145    145   3.4376016E-11  1.5530194E-10  1.2092592E-10  2.8474870E-11  2.2173300E-11  1.0863144E-01
  nd146    146   1.6640267E-10  3.5712877E-10  1.9072610E-10  6.5480156E-11  3.4972050E-11  2.7238864E-01
  nd147    147   4.6524954E-28  4.6524954E-28  0.0000000E+00  8.5304282E-29  0.0000000E+00  0.0000000E+00
  nd148    148   2.8250027E-11  1.2704233E-10  9.8792308E-11  2.3293424E-11  1.8114820E-11  1.0919932E-01
  pm147    147  -4.5929806E-16 -4.5929806E-16  0.0000000E+00 -8.4213068E-17  0.0000000E+00  0.0000000E+00
  pm148    148   4.0559934E-31  4.0559934E-31  0.0000000E+00  7.4367315E-32  0.0000000E+00  0.0000000E+00
  sm147    147   1.8056799E-11  8.7345464E-11  6.9288665E-11  1.6014936E-11  1.2704954E-11  1.0055212E-01
  sm148    148   3.4209625E-11  6.6989719E-11  3.2780095E-11  1.2282677E-11  6.0106460E-12  3.1037185E-01
  sm149    149   3.7947423E-12  7.5762729E-11  7.1967987E-11  1.3891223E-11  1.3196243E-11  2.2290181E-02
  sm150    150   3.8977613E-11  5.8211977E-11  1.9234366E-11  1.0673263E-11  3.5268646E-12  4.8090845E-01
  sm151    151   8.8910345E-14  8.8910345E-14  0.0000000E+00  1.6301861E-14  0.0000000E+00  0.0000000E+00
  sm152    152   2.9601391E-11  1.6349459E-10  1.3389320E-10  2.9977007E-11  2.4551014E-11  8.6718827E-02
  eu151    151  -6.6986694E-13  9.2185926E-11  9.2855792E-11  1.6902443E-11  1.7026287E-11 -3.1704612E-03
  eu152    152   9.1117940E-18  9.1117940E-18  0.0000000E+00  1.6706627E-18  0.0000000E+00  0.0000000E+00
  eu153    153  -1.2053553E-13  1.1007861E-10  1.1019915E-10  2.0183097E-11  2.0206409E-11 -5.0136400E-04
  eu154    154   6.2550482E-16  6.2550482E-16  0.0000000E+00  1.1468735E-16  0.0000000E+00  0.0000000E+00
  eu155    155   6.4733143E-17  6.4733143E-17  0.0000000E+00  1.1868930E-17  0.0000000E+00  0.0000000E+00
  gd152    152   6.6874371E-13  1.5547053E-12  8.8596155E-13  2.8505781E-13  1.6245227E-13  2.4420714E-01
  gd153    153  -1.0371673E-24 -1.0371673E-24  0.0000000E+00 -1.9016636E-25  0.0000000E+00  0.0000000E+00
  gd154    154   7.8589938E-12  1.5937481E-11  8.0784867E-12  2.9221636E-12  1.4812928E-12  2.9506359E-01
  gd155    155   5.8148000E-12  1.1064077E-10  1.0482597E-10  2.0286169E-11  1.9221170E-11  2.3420235E-02
  gd156    156   2.3403821E-11  1.6265830E-10  1.3925448E-10  2.9823671E-11  2.5534073E-11  6.7441016E-02
  gd157    157   7.7939322E-12  1.2084841E-10  1.1305448E-10  2.2157758E-11  2.0729972E-11  2.8927095E-02
  gd158    158   4.8707025E-11  2.0773980E-10  1.5903277E-10  3.8089438E-11  2.9160674E-11  1.1600700E-01
  tb159    159   3.7132103E-12  1.4709386E-10  1.4338065E-10  2.6969905E-11  2.6290659E-11  1.1077932E-02
  dy160    160   2.1275742E-11  2.9668976E-11  8.3932332E-12  5.4398560E-12  1.5390056E-12  5.4834723E-01
  dy161    161  -2.3438196E-12  1.7820125E-10  1.8054507E-10  3.2673496E-11  3.3105223E-11 -5.7009230E-03
  dy162    162   2.9568681E-11  2.8422509E-10  2.5465641E-10  5.2113144E-11  4.6694482E-11  4.7681704E-02
  dy163    163   5.3578531E-12  2.3015109E-10  2.2479324E-10  4.2198588E-11  4.1218688E-11  1.0203754E-02
  dy164    164   6.7539224E-11  3.0324646E-10  2.3570723E-10  5.5600743E-11  4.3219907E-11  1.0939679E-01
  ho165    165   2.4278912E-12  2.0870544E-10  2.0627755E-10  3.8266491E-11  3.7823602E-11  5.0557563E-03
  er166    166   2.5205393E-11  2.1180108E-10  1.8659568E-10  3.8834082E-11  3.4214680E-11  5.5000558E-02
  er167    167   5.8749533E-12  1.4033003E-10  1.3445507E-10  2.5729745E-11  2.4654039E-11  1.8547401E-02
  er168    168   4.3486131E-11  1.7867302E-10  1.3518689E-10  3.2759996E-11  2.4788229E-11  1.2109833E-01
  er169    169   1.7628181E-28  1.7628181E-28  0.0000000E+00  3.2321564E-29  0.0000000E+00  0.0000000E+00
  er170    170   1.6498865E-11  1.0957853E-10  9.3079669E-11  2.0091408E-11  1.7067337E-11  7.0844613E-02
  tm169    169   8.0167262E-12  9.0630177E-11  8.2613451E-11  1.6617194E-11  1.5148223E-11  4.0196009E-02
  tm170    170  -9.1402827E-19 -9.1402827E-19  0.0000000E+00 -1.6758861E-19  0.0000000E+00  0.0000000E+00
  tm171    171  -4.4088306E-16 -4.4088306E-16  0.0000000E+00 -8.0836642E-17  0.0000000E+00  0.0000000E+00
  yb170    170   1.3641176E-11  1.9586352E-11  5.9451758E-12  3.5911903E-12  1.0901233E-12  5.1776278E-01
  yb171    171   1.9862896E-11  9.6453664E-11  7.6590768E-11  1.7684940E-11  1.4043888E-11  1.0011625E-01
  yb172    172   4.7497291E-11  1.5620302E-10  1.0870573E-10  2.8640085E-11  1.9932573E-11  1.5741095E-01
  yb173    173   1.9758958E-11  1.0634411E-10  8.6585149E-11  1.9498370E-11  1.5876484E-11  8.9243956E-02
  yb174    174   9.7387154E-11  2.3221114E-10  1.3482399E-10  4.2576300E-11  2.4721685E-11  2.3608984E-01
  lu175    175   8.6640764E-12  9.4210549E-11  8.5546473E-11  1.7273662E-11  1.5686031E-11  4.1871369E-02
  lu176    176   1.0883633E-11  1.2935333E-11  2.0517004E-12  2.3717150E-12  3.7620528E-13  7.9963762E-01
  lu177    177   1.5942990E-29  1.5942990E-29  0.0000000E+00  2.9231736E-30  0.0000000E+00  0.0000000E+00
  hf176    176  -3.8353348E-13  7.8231727E-12  8.2067061E-12  1.4343918E-12  1.5048036E-12 -2.0812010E-02
  hf177    177   8.1137735E-12  7.5465897E-11  6.7352124E-11  1.3836798E-11  1.2349865E-11  4.9373407E-02
  hf178    178   4.7994185E-11  1.2711446E-10  7.9120273E-11  2.3306648E-11  1.4507704E-11  2.0588113E-01
  hf179    179   1.5619270E-11  6.2233080E-11  4.6613810E-11  1.1410539E-11  8.5472324E-12  1.2548065E-01
  hf180    180   8.9141083E-11  1.7856799E-10  8.9426910E-11  3.2740741E-11  1.6397557E-11  3.0030936E-01
  ta181    181   1.6462512E-11  6.1461891E-11  4.4999379E-11  1.1269140E-11  8.2512061E-12  1.3537335E-01
  ta182    182  -7.7637978E-19 -7.7637978E-19  0.0000000E+00 -1.4235053E-19  0.0000000E+00  0.0000000E+00
  ta183    183  -1.1951157E-34 -1.1951157E-34  0.0000000E+00 -2.1912645E-35  0.0000000E+00  0.0000000E+00
   w182    182   2.0905496E-11  7.8339994E-11  5.7434498E-11  1.4363769E-11  1.0531343E-11  1.3478464E-01
   w183    183   2.1206231E-11  5.3827571E-11  3.2621340E-11  9.8693753E-12  5.9815360E-12  2.1747693E-01
   w184    184   5.6193633E-11  1.2231567E-10  6.6122038E-11  2.2426783E-11  1.2124314E-11  2.6710981E-01
   w185    185  -6.2384863E-20 -6.2384863E-20  0.0000000E+00 -1.1438369E-20  0.0000000E+00  0.0000000E+00
   w186    186   4.9492944E-11  1.4041662E-10  9.0923678E-11  2.5745623E-11  1.6672009E-11  1.8871547E-01
  re185    185   1.1099739E-11  5.3333067E-11  4.2233328E-11  9.7787065E-12  7.7440155E-12  1.0131522E-01
  re186    186  -2.1794328E-31 -2.1794328E-31  0.0000000E+00 -3.9960263E-32  0.0000000E+00  0.0000000E+00
  re187    187   3.7085959E-12  9.5146599E-11  9.1438003E-11  1.7445288E-11  1.6766316E-11  1.7240511E-02
  os186    186   1.5946695E-11  2.8955935E-11  1.3009240E-11  5.3091190E-12  2.3854091E-12  3.4745958E-01
  os187    187   4.4831222E-12  1.1022820E-11  6.5396976E-12  2.0210524E-12  1.1991364E-12  2.2670898E-01
  os188    188   3.0431241E-11  2.6541136E-10  2.3498012E-10  4.8663615E-11  4.3086579E-11  5.2862369E-02
  os189    189  -7.0137784E-12  3.0453728E-10  3.1155106E-10  5.5837418E-11  5.7126835E-11 -9.9148452E-03
  os190    190   4.3031190E-11  5.3361782E-10  4.9058663E-10  9.7839715E-11  8.9955272E-11  3.6488570E-02
  os191    191   2.1140991E-27  2.1140991E-27  0.0000000E+00  3.8762359E-28  0.0000000E+00  0.0000000E+00
  os192    192  -9.4608765E-12  8.1528939E-10  8.2475027E-10  1.4948467E-10  1.5122840E-10 -5.0367084E-03
  ir191    191  -2.6669777E-11  6.5283046E-10  6.7950023E-10  1.1969756E-10  1.2459497E-10 -1.7415239E-02
  ir192    192  -1.2897141E-20 -1.2897141E-20  0.0000000E+00 -2.3647123E-21  0.0000000E+00  0.0000000E+00
  ir193    193  -3.9429682E-11  1.1179293E-09  1.1573590E-09  2.0497420E-10  2.1221642E-10 -1.5079785E-02
  pt192    192   3.1317015E-11  4.2508108E-11  1.1191093E-11  7.7939322E-12  2.0520287E-12  5.7957321E-01
  pt193    193   1.8475040E-14  1.8475040E-14  0.0000000E+00  3.3874296E-15  0.0000000E+00  0.0000000E+00
  pt194    194   4.0269010E-11  1.2871069E-09  1.2468379E-09  2.3599320E-10  2.2862351E-10  1.3778592E-02
  pt195    195  -2.8643199E-11  1.2829031E-09  1.3115463E-09  2.3522242E-10  2.4048863E-10 -9.6158143E-03
  pt196    196   9.6139097E-11  1.0314367E-09  9.3529762E-10  1.8911564E-10  1.7149868E-10  4.2466670E-02
  au197    197   1.0617396E-11  5.2972182E-10  5.1910443E-10  9.7125377E-11  9.5184367E-11  8.7670712E-03
  hg198    198   9.6335370E-11  1.3672768E-10  4.0392314E-11  2.5069249E-11  7.4064426E-12  5.2953166E-01
  hg199    199   3.0993694E-11  1.7483473E-10  1.4384104E-10  3.2056240E-11  2.6375074E-11  8.4718890E-02
  hg200    200   1.0723748E-10  2.5453925E-10  1.4730177E-10  4.6670195E-11  2.7009645E-11  2.3752074E-01
  hg201    201   4.2262104E-11  1.4514892E-10  1.0288682E-10  2.6613297E-11  1.8865602E-11  1.4942802E-01
  hg202    202   1.5413501E-10  3.2404057E-10  1.6990556E-10  5.9413377E-11  3.1154336E-11  2.8036577E-01
  tl203    203   8.4766444E-11  1.7783124E-10  9.3064792E-11  3.2605654E-11  1.7064608E-11  2.8119659E-01
  tl204    204  -4.6489610E-16 -4.6489610E-16  0.0000000E+00 -8.5239473E-17  0.0000000E+00  0.0000000E+00
  tl205    205   1.7921718E-10  3.9313769E-10  2.1392051E-10  7.2082451E-11  3.9225036E-11  2.6426619E-01
  pb204    204   5.2107083E-11  1.1988215E-10  6.7775063E-11  2.1980591E-11  1.2427416E-11  2.4765855E-01
  pb205    205   3.0409282E-12  3.0409282E-12  0.0000000E+00  5.5755926E-13  0.0000000E+00  0.0000000E+00
  pb206    206   4.9575832E-10  1.5597590E-09  1.0640007E-09  2.8598440E-10  1.9509798E-10  1.6608956E-01
  pb207    207   5.6302696E-10  1.7892110E-09  1.2261840E-09  3.2805483E-10  2.2483639E-10  1.6407984E-01
  pb208    208   1.2550370E-09  3.5395580E-09  2.2845210E-09  6.4898387E-10  4.1889586E-10  1.9012782E-01
  bi209    209   6.3583694E-11  4.1028031E-10  3.4669662E-10  7.5225583E-11  6.3571218E-11  7.3105022E-02
  bi210    210   6.6004941E-33  6.6004941E-33  0.0000000E+00  1.2102116E-33  0.0000000E+00  0.0000000E+00
  po210    210   4.1186742E-11  4.1186742E-11  0.0000000E+00  7.5516581E-12  0.0000000E+00  0.0000000E+00
