#test case: FRUITY database models from Straniero et al. 2014 
#modelname                         mass             Z   remnantmass      lifetime
[stellarmodels]
7
A:m1p5z3m4                         1.50      3.00e-04         0.647  1.850000e+09
B:m2p0z3m4                         2.00      3.00e-04         0.669  8.460000e+08
C:m2p5z3m4                         2.50      3.00e-04         0.725  4.920000e+08
D:m3p0z3m4                         3.00      3.00e-04         0.823  3.020000e+08
E:m4p0z3m4                         4.00      3.00e-04         0.887  1.480000e+08
F:m5p0z3m4                         5.00      3.00e-04         0.955  8.930000e+07
G:m6p0z3m4                         6.00      3.00e-04         1.059  6.060000e+07

#species      type             A             B             C             D             E             F             G
[yields]
p         absolute  5.999900e-01  9.362400e-01  1.284700e+00  1.591400e+00  2.156900e+00  2.703100e+00  3.240700e+00
he4       absolute  2.452900e-01  3.807100e-01  4.763600e-01  5.741900e-01  9.433800e-01  1.328800e+00  1.689800e+00
c12       absolute  6.467400e-03  1.194700e-02  1.195500e-02  8.908600e-03  1.014400e-02  1.010200e-02  5.054000e-03
c13       absolute  1.349100e-06  1.909700e-06  2.789800e-06  1.581100e-05  2.936000e-05  7.917300e-05  2.458700e-04
c14       absolute  1.779000e-10  9.530600e-10  1.929800e-09  1.862500e-09  1.746000e-09  1.037900e-09  5.753300e-10
n14       absolute  4.773800e-05  7.876500e-05  8.913800e-05  1.167700e-04  2.558900e-04  4.478400e-04  1.830000e-03
n15       absolute  3.080800e-08  3.371900e-08  4.262500e-08  5.298600e-08  6.709100e-08  7.683100e-08  7.231600e-08
o16       absolute  5.386500e-04  8.106200e-04  1.004200e-03  1.098200e-03  1.417200e-03  1.731300e-03  1.853100e-03
o17       absolute  1.885100e-06  7.496900e-06  4.498500e-06  5.843600e-06  1.188500e-05  1.527300e-05  1.350700e-05
o18       absolute  1.703700e-07  2.408600e-07  3.257300e-07  3.982400e-07  5.072400e-07  6.165600e-07  5.836600e-07
f18       absolute  0.000000e+00  0.000000e+00  0.000000e+00  0.000000e+00  0.000000e+00  0.000000e+00  0.000000e+00
f19       absolute  5.664300e-07  1.279600e-06  1.334900e-06  7.423200e-07  3.244300e-07  1.160500e-07  3.755800e-08
ne20      absolute  6.286100e-05  9.938400e-05  1.317100e-04  1.600000e-04  2.221900e-04  2.834000e-04  3.417500e-04
ne21      absolute  1.516200e-07  3.271600e-07  4.437200e-07  3.907000e-07  5.049700e-07  6.612600e-07  7.170200e-07
ne22      absolute  2.971700e-04  6.765500e-04  5.633600e-04  2.520000e-04  1.827600e-04  1.023400e-04  3.298900e-05
na22      absolute  0.000000e+00  0.000000e+00  0.000000e+00  0.000000e+00  0.000000e+00  0.000000e+00  1.084100e-11
na23      absolute  2.522000e-06  6.421900e-06  7.710700e-06  5.893800e-06  1.500400e-05  2.546500e-05  3.576400e-05
na24      absolute  0.000000e+00  0.000000e+00  0.000000e+00  0.000000e+00  0.000000e+00  0.000000e+00  0.000000e+00
mg24      absolute  3.492200e-05  5.719300e-05  6.814500e-05  8.077600e-05  1.141000e-04  1.483900e-04  1.807200e-04
mg25      absolute  2.922400e-06  1.137200e-05  1.879700e-05  1.511100e-05  1.973200e-05  2.130800e-05  1.651500e-05
mg26      absolute  2.811200e-06  1.066600e-05  2.378900e-05  2.259400e-05  3.662400e-05  4.561700e-05  2.778900e-05
al26      absolute  1.067200e-08  2.279900e-08  2.378400e-08  7.521800e-09  8.706800e-09  8.131300e-09  3.652500e-07
al27      absolute  1.433600e-06  3.084900e-06  5.875100e-06  4.386400e-06  5.121100e-06  6.663000e-06  8.164900e-06
si28      absolute  4.075300e-05  6.380200e-05  8.691100e-05  1.076000e-04  1.526300e-04  1.965400e-04  2.379100e-04
si29      absolute  7.230700e-07  1.200200e-06  1.787600e-06  2.297100e-06  3.268100e-06  3.993600e-06  4.372900e-06
si30      absolute  5.560000e-07  9.674300e-07  1.528200e-06  1.953200e-06  2.990700e-06  3.677100e-06  3.513200e-06
si31      absolute  0.000000e+00  0.000000e+00  0.000000e+00  0.000000e+00  0.000000e+00  0.000000e+00  0.000000e+00
si32      absolute  0.000000e+00  0.000000e+00  5.280000e-13  4.613900e-12  1.285400e-11  2.443500e-11  1.597200e-11
p31       absolute  2.007100e-07  3.083200e-07  4.959700e-07  7.009200e-07  9.226400e-07  1.088700e-06  9.714500e-07
p32       absolute  0.000000e+00  0.000000e+00  0.000000e+00  0.000000e+00  0.000000e+00  0.000000e+00  0.000000e+00
p33       absolute  0.000000e+00  0.000000e+00  0.000000e+00  0.000000e+00  0.000000e+00  0.000000e+00  0.000000e+00
s32       absolute  2.129700e-05  3.317000e-05  4.418600e-05  5.434900e-05  7.773300e-05  1.011100e-04  1.237600e-04
s33       absolute  6.745700e-08  1.109200e-07  1.358300e-07  1.543400e-07  2.127600e-07  2.731400e-07  3.297400e-07
s34       absolute  3.745600e-07  6.112100e-07  8.414600e-07  9.702600e-07  1.354200e-06  1.699000e-06  1.949200e-06
s35       absolute  0.000000e+00  0.000000e+00  0.000000e+00  0.000000e+00  0.000000e+00  0.000000e+00  0.000000e+00
s36       absolute  4.072400e-09  6.019700e-09  9.995700e-09  1.387400e-08  1.625300e-08  1.709400e-08  1.315200e-08
cl35      absolute  6.897400e-08  1.072800e-07  1.441200e-07  1.776600e-07  2.549100e-07  3.312100e-07  4.027800e-07
cl36      absolute  3.727300e-11  9.580500e-11  1.472200e-10  1.833000e-10  2.642500e-10  3.538300e-10  3.442800e-10
cl37      absolute  3.143000e-08  5.179900e-08  6.318000e-08  7.288000e-08  9.776300e-08  1.291700e-07  1.604400e-07
ar36      absolute  4.848200e-06  7.535800e-06  1.004200e-05  1.238700e-05  1.775800e-05  2.312800e-05  2.834500e-05
ar37      absolute  0.000000e+00  0.000000e+00  0.000000e+00  0.000000e+00  0.000000e+00  0.000000e+00  0.000000e+00
ar38      absolute  3.165700e-07  5.071400e-07  6.797200e-07  8.053500e-07  1.137900e-06  1.458800e-06  1.754400e-06
ar39      absolute  6.018800e-13  3.477300e-12  1.020000e-11  2.518200e-11  4.365500e-11  5.924900e-11  6.019700e-11
ar40      absolute  4.509700e-09  3.247800e-09  8.283300e-09  1.205600e-08  1.959400e-08  2.315800e-08  1.450000e-08
ar41      absolute  0.000000e+00  0.000000e+00  0.000000e+00  0.000000e+00  0.000000e+00  0.000000e+00  0.000000e+00
ar42      absolute  0.000000e+00  0.000000e+00  0.000000e+00  0.000000e+00  0.000000e+00  0.000000e+00  0.000000e+00
k39       absolute  6.776500e-08  1.055900e-07  1.447700e-07  1.748900e-07  2.492200e-07  3.195200e-07  3.811000e-07
k40       absolute  5.021400e-10  6.725400e-10  5.796500e-10  4.800300e-10  4.770900e-10  6.136400e-10  7.903600e-10
k41       absolute  7.633000e-09  1.307400e-08  1.510200e-08  1.561900e-08  2.123300e-08  2.828500e-08  3.315300e-08
k42       absolute  0.000000e+00  0.000000e+00  0.000000e+00  0.000000e+00  0.000000e+00  0.000000e+00  0.000000e+00
k43       absolute  0.000000e+00  0.000000e+00  0.000000e+00  0.000000e+00  0.000000e+00  0.000000e+00  0.000000e+00
ca40      absolute  3.644200e-06  5.674500e-06  7.558100e-06  9.305400e-06  1.333200e-05  1.735700e-05  2.126600e-05
ca41      absolute  1.649000e-10  4.507600e-10  4.867400e-10  4.008700e-10  3.660700e-10  1.103700e-09  2.876500e-09
ca42      absolute  1.038900e-08  1.767300e-08  2.313800e-08  2.546900e-08  3.478800e-08  4.347100e-08  5.014800e-08
ca43      absolute  2.215300e-09  3.860400e-09  5.311500e-09  5.781800e-09  7.833000e-09  9.651200e-09  1.090700e-08
ca44      absolute  2.930400e-08  4.527600e-08  6.209100e-08  7.556800e-08  1.069700e-07  1.370100e-07  1.632700e-07
ca45      absolute  0.000000e+00  0.000000e+00  0.000000e+00  0.000000e+00  0.000000e+00  0.000000e+00  0.000000e+00
ca46      absolute  6.252900e-10  4.417900e-10  1.635400e-09  2.527000e-09  4.675200e-09  5.842500e-09  3.388900e-09
ca47      absolute  0.000000e+00  0.000000e+00  0.000000e+00  0.000000e+00  0.000000e+00  0.000000e+00  0.000000e+00
ca48      absolute  2.694400e-09  4.193100e-09  5.604700e-09  6.905800e-09  1.000800e-08  1.312800e-08  1.575700e-08
sc45      absolute  1.135700e-09  1.888900e-09  3.057400e-09  3.556800e-09  4.908400e-09  5.844100e-09  5.766400e-09
sc46      absolute  0.000000e+00  0.000000e+00  0.000000e+00  0.000000e+00  0.000000e+00  0.000000e+00  0.000000e+00
sc47      absolute  0.000000e+00  0.000000e+00  0.000000e+00  0.000000e+00  0.000000e+00  0.000000e+00  0.000000e+00
sc48      absolute  0.000000e+00  0.000000e+00  0.000000e+00  0.000000e+00  0.000000e+00  0.000000e+00  0.000000e+00
sc49      absolute  0.000000e+00  0.000000e+00  0.000000e+00  0.000000e+00  0.000000e+00  0.000000e+00  0.000000e+00
ti46      absolute  5.009200e-09  7.373600e-09  9.964800e-09  1.241000e-08  1.757000e-08  2.250600e-08  2.673300e-08
ti47      absolute  4.321800e-09  6.527500e-09  8.847000e-09  1.106900e-08  1.594800e-08  2.062400e-08  2.457500e-08
ti48      absolute  4.179300e-08  6.440500e-08  8.630900e-08  1.071700e-07  1.539400e-07  2.004700e-07  2.447200e-07
ti49      absolute  3.995900e-09  6.318800e-09  7.770300e-09  9.239900e-09  1.298800e-08  1.690700e-08  1.964900e-08
ti50      absolute  6.497500e-09  1.011400e-08  1.210800e-08  1.484300e-08  1.656700e-08  1.941700e-08  2.058000e-08
v50       absolute  1.747800e-11  2.699400e-11  3.628900e-11  4.506900e-11  6.473500e-11  8.419000e-11  1.030500e-10
v51       absolute  7.385600e-09  1.146300e-08  1.523600e-08  1.887700e-08  2.678300e-08  3.485900e-08  4.260900e-08
cr50      absolute  1.389900e-08  2.146800e-08  2.886300e-08  3.584700e-08  5.148900e-08  6.695600e-08  8.194700e-08
cr51      absolute  0.000000e+00  0.000000e+00  0.000000e+00  0.000000e+00  0.000000e+00  0.000000e+00  0.000000e+00
cr52      absolute  2.840000e-07  4.417200e-07  5.877600e-07  7.244200e-07  1.036800e-06  1.349600e-06  1.653400e-06
cr53      absolute  3.285300e-08  5.126600e-08  6.814400e-08  8.383600e-08  1.199200e-07  1.556300e-07  1.901800e-07
cr54      absolute  1.078700e-08  1.904600e-08  2.497200e-08  2.699300e-08  3.584700e-08  4.472700e-08  5.252800e-08
mn55      absolute  2.515600e-07  3.897200e-07  5.123500e-07  6.307600e-07  9.040300e-07  1.185100e-06  1.459700e-06
mn56      absolute  0.000000e+00  0.000000e+00  0.000000e+00  0.000000e+00  0.000000e+00  0.000000e+00  0.000000e+00
fe54      absolute  1.339300e-06  2.070200e-06  2.775000e-06  3.442300e-06  4.943100e-06  6.434700e-06  7.882400e-06
fe55      absolute  0.000000e+00  0.000000e+00  0.000000e+00  0.000000e+00  0.000000e+00  0.000000e+00  0.000000e+00
fe56      absolute  2.203400e-05  3.422200e-05  4.557300e-05  5.622700e-05  8.060900e-05  1.050100e-04  1.287300e-04
fe57      absolute  5.872800e-07  9.716900e-07  1.197600e-06  1.380100e-06  1.937500e-06  2.514500e-06  3.077600e-06
fe58      absolute  1.618800e-07  3.955000e-07  5.040400e-07  3.874600e-07  4.375300e-07  4.730700e-07  4.997100e-07
fe59      absolute  0.000000e+00  0.000000e+00  0.000000e+00  0.000000e+00  0.000000e+00  0.000000e+00  0.000000e+00
fe60      absolute  1.810400e-08  2.433400e-08  1.088900e-07  1.228400e-07  1.918900e-07  1.954700e-07  1.089900e-07
co59      absolute  8.872400e-08  1.765600e-07  2.588800e-07  2.471900e-07  3.149300e-07  3.710600e-07  4.192700e-07
co60      absolute  0.000000e+00  0.000000e+00  3.825900e-13  2.500600e-13  3.968200e-13  4.189800e-13  2.848500e-13
ni58      absolute  9.202900e-07  1.421600e-06  1.906700e-06  2.366100e-06  3.398100e-06  4.427600e-06  5.427900e-06
ni59      absolute  3.728600e-10  6.070000e-10  2.450400e-10  2.247300e-10  1.693800e-10  9.418100e-10  3.160000e-09
ni60      absolute  3.940500e-07  6.122100e-07  8.265600e-07  9.886200e-07  1.400500e-06  1.801300e-06  2.183700e-06
ni61      absolute  2.559000e-08  4.395000e-08  6.591300e-08  6.895900e-08  9.308600e-08  1.090500e-07  1.158000e-07
ni62      absolute  7.191500e-08  1.174200e-07  1.769200e-07  1.975600e-07  2.814700e-07  3.385600e-07  3.600900e-07
ni63      absolute  2.362300e-13  1.464800e-12  5.628000e-12  2.045900e-11  3.659900e-11  5.208000e-11  6.040300e-11
ni64      absolute  3.793700e-08  3.881900e-08  8.745500e-08  1.032000e-07  1.667400e-07  1.989400e-07  1.586300e-07
ni65      absolute  0.000000e+00  0.000000e+00  0.000000e+00  0.000000e+00  0.000000e+00  0.000000e+00  0.000000e+00
ni66      absolute  0.000000e+00  0.000000e+00  0.000000e+00  0.000000e+00  0.000000e+00  0.000000e+00  0.000000e+00
cu63      absolute  2.194800e-08  3.412600e-08  6.147500e-08  6.480900e-08  9.569600e-08  1.104300e-07  9.964200e-08
cu64      absolute  0.000000e+00  0.000000e+00  0.000000e+00  0.000000e+00  0.000000e+00  0.000000e+00  0.000000e+00
cu65      absolute  1.250700e-08  1.222100e-08  2.326200e-08  2.916200e-08  4.629800e-08  5.677800e-08  4.908400e-08
cu66      absolute  0.000000e+00  0.000000e+00  0.000000e+00  0.000000e+00  0.000000e+00  0.000000e+00  0.000000e+00
cu67      absolute  0.000000e+00  0.000000e+00  0.000000e+00  0.000000e+00  0.000000e+00  0.000000e+00  0.000000e+00
zn64      absolute  2.122200e-08  3.008700e-08  3.998500e-08  4.964800e-08  7.099100e-08  9.223700e-08  1.127300e-07
zn65      absolute  0.000000e+00  0.000000e+00  0.000000e+00  0.000000e+00  0.000000e+00  0.000000e+00  0.000000e+00
zn66      absolute  1.666800e-08  2.091600e-08  3.217700e-08  4.089400e-08  6.178400e-08  7.813600e-08  8.038800e-08
zn67      absolute  2.829800e-09  3.381100e-09  5.425900e-09  6.980800e-09  1.071200e-08  1.347300e-08  1.307900e-08
zn68      absolute  1.339400e-08  1.612700e-08  2.712000e-08  3.685100e-08  5.758400e-08  7.250600e-08  6.628500e-08
zn69      absolute  0.000000e+00  0.000000e+00  0.000000e+00  0.000000e+00  0.000000e+00  0.000000e+00  0.000000e+00
zn70      absolute  2.791000e-10  4.524700e-10  8.048200e-10  1.040000e-09  1.618200e-09  1.983800e-09  1.861100e-09
ga69      absolute  1.522000e-09  1.697600e-09  3.040600e-09  4.261200e-09  6.759600e-09  8.458400e-09  7.194600e-09
ga70      absolute  0.000000e+00  0.000000e+00  0.000000e+00  0.000000e+00  0.000000e+00  0.000000e+00  0.000000e+00
ga71      absolute  1.149600e-09  1.182200e-09  2.121600e-09  3.002200e-09  4.585100e-09  5.528100e-09  4.579400e-09
ga72      absolute  0.000000e+00  0.000000e+00  0.000000e+00  0.000000e+00  0.000000e+00  0.000000e+00  0.000000e+00
ga73      absolute  0.000000e+00  0.000000e+00  0.000000e+00  0.000000e+00  0.000000e+00  0.000000e+00  0.000000e+00
ge70      absolute  2.059800e-09  2.161600e-09  3.986700e-09  5.815100e-09  9.281800e-09  1.156000e-08  9.363300e-09
ge71      absolute  0.000000e+00  0.000000e+00  0.000000e+00  0.000000e+00  0.000000e+00  0.000000e+00  0.000000e+00
ge72      absolute  2.378400e-09  2.634700e-09  4.567800e-09  6.894300e-09  1.098700e-08  1.390400e-08  1.170200e-08
ge73      absolute  6.806200e-10  7.597200e-10  1.321600e-09  2.017400e-09  3.224000e-09  4.079300e-09  3.390100e-09
ge74      absolute  3.499400e-09  3.965100e-09  6.827600e-09  1.116500e-08  1.782400e-08  2.246100e-08  1.775100e-08
ge75      absolute  0.000000e+00  0.000000e+00  0.000000e+00  0.000000e+00  0.000000e+00  0.000000e+00  0.000000e+00
ge76      absolute  3.455300e-10  5.671000e-10  9.523600e-10  1.347900e-09  2.135200e-09  2.667800e-09  2.425600e-09
ge77      absolute  0.000000e+00  0.000000e+00  0.000000e+00  0.000000e+00  0.000000e+00  0.000000e+00  0.000000e+00
as75      absolute  4.145300e-10  4.988300e-10  8.216600e-10  1.300900e-09  2.056000e-09  2.602800e-09  2.182500e-09
as76      absolute  0.000000e+00  0.000000e+00  0.000000e+00  0.000000e+00  0.000000e+00  0.000000e+00  0.000000e+00
as77      absolute  0.000000e+00  0.000000e+00  0.000000e+00  0.000000e+00  0.000000e+00  0.000000e+00  0.000000e+00
se76      absolute  6.618300e-10  7.175300e-10  1.276500e-09  2.229600e-09  3.595200e-09  4.520700e-09  3.319000e-09
se77      absolute  3.595000e-10  4.391100e-10  7.220800e-10  1.164200e-09  1.838600e-09  2.319000e-09  1.913900e-09
se78      absolute  1.651600e-09  1.866200e-09  3.227800e-09  5.886900e-09  9.500100e-09  1.198500e-08  8.687700e-09
se79      absolute  9.752700e-11  1.146800e-10  2.983200e-10  6.882400e-10  1.222300e-09  1.575200e-09  9.845600e-10
se80      absolute  2.363000e-09  3.136300e-09  4.940400e-09  8.649500e-09  1.376900e-08  1.765700e-08  1.414700e-08
se81      absolute  0.000000e+00  0.000000e+00  0.000000e+00  0.000000e+00  0.000000e+00  0.000000e+00  0.000000e+00
se82      absolute  2.295100e-10  3.768100e-10  6.626900e-10  1.139100e-09  2.177700e-09  3.019200e-09  2.027000e-09
br79      absolute  3.427000e-10  4.269600e-10  5.805800e-10  8.099800e-10  1.158300e-09  1.436900e-09  1.414300e-09
br80      absolute  0.000000e+00  0.000000e+00  0.000000e+00  0.000000e+00  0.000000e+00  0.000000e+00  0.000000e+00
br81      absolute  4.081600e-10  5.396700e-10  8.467400e-10  1.501500e-09  2.392100e-09  3.075300e-09  2.445800e-09
br82      absolute  0.000000e+00  0.000000e+00  0.000000e+00  0.000000e+00  0.000000e+00  0.000000e+00  0.000000e+00
br83      absolute  0.000000e+00  0.000000e+00  0.000000e+00  0.000000e+00  0.000000e+00  0.000000e+00  0.000000e+00
br84      absolute  0.000000e+00  0.000000e+00  0.000000e+00  0.000000e+00  0.000000e+00  0.000000e+00  0.000000e+00
kr80      absolute  6.568300e-11  8.824000e-11  1.272600e-10  1.947800e-10  2.950100e-10  3.931100e-10  3.814300e-10
kr81      absolute  1.621400e-12  1.253700e-12  4.208500e-12  1.605600e-11  2.952800e-11  4.148100e-11  2.511500e-11
kr82      absolute  7.884200e-10  8.888700e-10  1.401200e-09  2.884200e-09  4.658600e-09  6.033400e-09  4.244100e-09
kr83      absolute  4.555200e-10  5.810600e-10  8.537900e-10  1.495200e-09  2.359000e-09  3.073600e-09  2.558800e-09
kr84      absolute  2.484500e-09  3.372700e-09  4.827400e-09  9.010700e-09  1.414200e-08  1.862500e-08  1.468900e-08
kr85      absolute  0.000000e+00  0.000000e+00  0.000000e+00  0.000000e+00  0.000000e+00  1.488800e-13  2.363900e-13
kr86      absolute  1.054400e-09  1.708100e-09  3.468600e-09  9.567900e-09  1.680700e-08  2.391400e-08  1.505600e-08
kr87      absolute  0.000000e+00  0.000000e+00  0.000000e+00  0.000000e+00  0.000000e+00  0.000000e+00  0.000000e+00
kr88      absolute  0.000000e+00  0.000000e+00  0.000000e+00  0.000000e+00  0.000000e+00  0.000000e+00  0.000000e+00
rb85      absolute  4.964800e-10  7.512700e-10  1.150500e-09  2.487400e-09  4.042500e-09  5.414300e-09  3.751200e-09
rb86      absolute  0.000000e+00  0.000000e+00  0.000000e+00  0.000000e+00  0.000000e+00  0.000000e+00  0.000000e+00
rb87      absolute  3.890700e-10  7.295700e-10  1.521800e-09  4.318100e-09  7.752300e-09  1.113400e-08  6.754000e-09
rb88      absolute  0.000000e+00  0.000000e+00  0.000000e+00  0.000000e+00  0.000000e+00  0.000000e+00  0.000000e+00
sr86      absolute  4.217700e-10  4.505400e-10  5.648900e-10  1.222000e-09  1.753900e-09  2.233600e-09  1.502700e-09
sr87      absolute  2.871500e-10  2.966100e-10  3.194000e-10  6.490200e-10  8.426300e-10  1.059000e-09  8.028700e-10
sr88      absolute  5.322600e-09  8.267900e-09  8.361600e-09  1.768000e-08  1.805800e-08  2.274600e-08  1.586500e-08
sr89      absolute  0.000000e+00  0.000000e+00  0.000000e+00  0.000000e+00  0.000000e+00  0.000000e+00  0.000000e+00
sr90      absolute  0.000000e+00  0.000000e+00  0.000000e+00  1.106800e-13  2.765600e-13  6.161000e-13  6.767300e-13
sr91      absolute  0.000000e+00  0.000000e+00  0.000000e+00  0.000000e+00  0.000000e+00  0.000000e+00  0.000000e+00
sr92      absolute  0.000000e+00  0.000000e+00  0.000000e+00  0.000000e+00  0.000000e+00  0.000000e+00  0.000000e+00
y89       absolute  1.274200e-09  2.223900e-09  2.390800e-09  5.090800e-09  4.744800e-09  5.784100e-09  3.981000e-09
y90       absolute  0.000000e+00  0.000000e+00  0.000000e+00  0.000000e+00  0.000000e+00  0.000000e+00  0.000000e+00
y91       absolute  0.000000e+00  0.000000e+00  0.000000e+00  0.000000e+00  0.000000e+00  0.000000e+00  0.000000e+00
y92       absolute  0.000000e+00  0.000000e+00  0.000000e+00  0.000000e+00  0.000000e+00  0.000000e+00  0.000000e+00
y93       absolute  0.000000e+00  0.000000e+00  0.000000e+00  0.000000e+00  0.000000e+00  0.000000e+00  0.000000e+00
zr90      absolute  1.318600e-09  2.137800e-09  2.221200e-09  4.593500e-09  4.022900e-09  4.692800e-09  3.468600e-09
zr91      absolute  3.624700e-10  6.390700e-10  6.610100e-10  1.394000e-09  1.194200e-09  1.387200e-09  9.602800e-10
zr92      absolute  5.559800e-10  1.043900e-09  1.093500e-09  2.291000e-09  1.893900e-09  2.165800e-09  1.496600e-09
nb93      absolute  2.095970e-10  4.051100e-10  4.327200e-10  9.015500e-10  7.407400e-10  8.453100e-10  5.857500e-10
zr94      absolute  7.153900e-10  1.320600e-09  1.428300e-09  2.983300e-09  2.303000e-09  2.522300e-09  1.672700e-09
zr95      absolute  0.000000e+00  0.000000e+00  0.000000e+00  0.000000e+00  0.000000e+00  0.000000e+00  0.000000e+00
zr96      absolute  1.568100e-10  5.000000e-10  8.167500e-10  1.808600e-09  1.410700e-09  1.525100e-09  8.579100e-10
zr97      absolute  0.000000e+00  0.000000e+00  0.000000e+00  0.000000e+00  0.000000e+00  0.000000e+00  0.000000e+00
nb94      absolute  0.000000e+00  0.000000e+00  0.000000e+00  0.000000e+00  0.000000e+00  0.000000e+00  0.000000e+00
nb95      absolute  0.000000e+00  0.000000e+00  0.000000e+00  0.000000e+00  0.000000e+00  0.000000e+00  0.000000e+00
nb96      absolute  0.000000e+00  0.000000e+00  0.000000e+00  0.000000e+00  0.000000e+00  0.000000e+00  0.000000e+00
nb97      absolute  0.000000e+00  0.000000e+00  0.000000e+00  0.000000e+00  0.000000e+00  0.000000e+00  0.000000e+00
mo92      absolute  1.862900e-11  2.877400e-11  3.874600e-11  4.814300e-11  6.915800e-11  8.987800e-11  1.099500e-10
mo93      absolute  0.000000e+00  0.000000e+00  0.000000e+00  0.000000e+00  0.000000e+00  0.000000e+00  0.000000e+00
mo94      absolute  1.306400e-11  1.894100e-11  2.481300e-11  3.077100e-11  4.409500e-11  5.890400e-11  7.360400e-11
mo95      absolute  1.004300e-10  1.930600e-10  2.134100e-10  4.252700e-10  3.593800e-10  4.219600e-10  3.274100e-10
mo96      absolute  1.572900e-10  2.822600e-10  3.137300e-10  6.531200e-10  4.862100e-10  5.108000e-10  3.143700e-10
mo97      absolute  5.999900e-11  1.130400e-10  1.431900e-10  3.060400e-10  2.513200e-10  2.860400e-10  1.979400e-10
mo98      absolute  1.984000e-10  3.372100e-10  4.339900e-10  9.717800e-10  7.857500e-10  8.793800e-10  5.663900e-10
mo99      absolute  0.000000e+00  0.000000e+00  0.000000e+00  0.000000e+00  0.000000e+00  0.000000e+00  0.000000e+00
mo100     absolute  2.591500e-11  5.538500e-11  7.481900e-11  1.363700e-10  1.330200e-10  1.591300e-10  1.304300e-10
tc97      absolute  0.000000e+00  0.000000e+00  0.000000e+00  0.000000e+00  0.000000e+00  0.000000e+00  1.895000e-13
tc98      absolute  0.000000e+00  0.000000e+00  0.000000e+00  0.000000e+00  0.000000e+00  0.000000e+00  0.000000e+00
ru99      absolute  3.406940e-11  5.656900e-11  7.386700e-11  1.525900e-10  1.364770e-10  1.590750e-10  1.235700e-10
ru96      absolute  4.668400e-12  7.217800e-12  9.743500e-12  1.211400e-11  1.740300e-11  2.256000e-11  2.754600e-11
ru97      absolute  0.000000e+00  0.000000e+00  0.000000e+00  0.000000e+00  0.000000e+00  0.000000e+00  0.000000e+00
ru98      absolute  1.613700e-12  2.492400e-12  3.356500e-12  4.170700e-12  5.991300e-12  7.803200e-12  9.568700e-12
ru100     absolute  9.109500e-11  1.444000e-10  1.819800e-10  4.215500e-10  3.340400e-10  3.690500e-10  2.244100e-10
ru101     absolute  3.369500e-11  5.422600e-11  7.024900e-11  1.336000e-10  1.273400e-10  1.489300e-10  1.264100e-10
ru102     absolute  1.456800e-10  2.347000e-10  2.894300e-10  6.460000e-10  5.366400e-10  6.049300e-10  4.078400e-10
ru103     absolute  0.000000e+00  0.000000e+00  0.000000e+00  0.000000e+00  0.000000e+00  0.000000e+00  0.000000e+00
ru104     absolute  2.974200e-11  5.630000e-11  7.264800e-11  1.286400e-10  1.356600e-10  1.685400e-10  1.512900e-10
ru105     absolute  0.000000e+00  0.000000e+00  0.000000e+00  0.000000e+00  0.000000e+00  0.000000e+00  0.000000e+00
ru106     absolute  0.000000e+00  0.000000e+00  0.000000e+00  0.000000e+00  0.000000e+00  0.000000e+00  0.000000e+00
rh103     absolute  3.954700e-11  6.292900e-11  7.969600e-11  1.516600e-10  1.472000e-10  1.743100e-10  1.523000e-10
rh105     absolute  0.000000e+00  0.000000e+00  0.000000e+00  0.000000e+00  0.000000e+00  0.000000e+00  0.000000e+00
pd104     absolute  6.778300e-11  1.068700e-10  1.262200e-10  2.950000e-10  2.319200e-10  2.540900e-10  1.544300e-10
pd105     absolute  3.351000e-11  5.380500e-11  6.734200e-11  1.242200e-10  1.228000e-10  1.452600e-10  1.297400e-10
pd106     absolute  9.651700e-11  1.601000e-10  1.886800e-10  4.148300e-10  3.479800e-10  3.939800e-10  2.734000e-10
ag107     absolute  2.812000e-11  4.560200e-11  5.591200e-11  1.044480e-10  1.012870e-10  1.194310e-10  1.053900e-10
pd108     absolute  1.162300e-10  1.924000e-10  2.201900e-10  4.939100e-10  4.030800e-10  4.488400e-10  2.961800e-10
pd109     absolute  0.000000e+00  0.000000e+00  0.000000e+00  0.000000e+00  0.000000e+00  0.000000e+00  0.000000e+00
pd110     absolute  2.192900e-11  4.608400e-11  5.530400e-11  1.035200e-10  1.006500e-10  1.225800e-10  9.733600e-11
ag109     absolute  4.044300e-11  6.623300e-11  7.774400e-11  1.613300e-10  1.428300e-10  1.642400e-10  1.262800e-10
ag111     absolute  0.000000e+00  0.000000e+00  0.000000e+00  0.000000e+00  0.000000e+00  0.000000e+00  0.000000e+00
cd108     absolute  7.783600e-13  1.175700e-12  1.546800e-12  1.917800e-12  2.765200e-12  4.584400e-12  6.482800e-12
cd109     absolute  0.000000e+00  0.000000e+00  0.000000e+00  0.000000e+00  0.000000e+00  0.000000e+00  0.000000e+00
cd110     absolute  8.757700e-11  1.398400e-10  1.550400e-10  3.632900e-10  2.834000e-10  3.081600e-10  1.885300e-10
cd111     absolute  3.903400e-11  6.401500e-11  7.358400e-11  1.541000e-10  1.333100e-10  1.509700e-10  1.129100e-10
cd112     absolute  1.281000e-10  2.097500e-10  2.321000e-10  5.265800e-10  4.269500e-10  4.735000e-10  3.097400e-10
cd113     absolute  4.210800e-11  6.818200e-11  7.673500e-11  1.642700e-10  1.401800e-10  1.579100e-10  1.154700e-10
cd114     absolute  1.836700e-10  2.972300e-10  3.168100e-10  7.296700e-10  5.845100e-10  6.435200e-10  4.100100e-10
cd115     absolute  0.000000e+00  0.000000e+00  0.000000e+00  0.000000e+00  0.000000e+00  0.000000e+00  0.000000e+00
cd116     absolute  3.386600e-11  9.888900e-11  1.138300e-10  2.391600e-10  2.135200e-10  2.514800e-10  1.564200e-10
in113     absolute  4.254200e-13  6.577800e-13  8.876000e-13  1.103400e-12  1.585400e-12  2.064100e-12  2.527600e-12
in115     absolute  4.201600e-11  6.800900e-11  7.424300e-11  1.610900e-10  1.382300e-10  1.568300e-10  1.146400e-10
sn114     absolute  1.356200e-12  2.092400e-12  2.813200e-12  3.494000e-12  5.019600e-12  6.574600e-12  8.092200e-12
sn115     absolute  7.039600e-13  1.085700e-12  1.459800e-12  1.813200e-12  2.604700e-12  3.397500e-12  4.169600e-12
sn116     absolute  2.381300e-10  3.638800e-10  3.645300e-10  8.384200e-10  6.535700e-10  7.025200e-10  4.471900e-10
sn117     absolute  8.289800e-11  1.382900e-10  1.438800e-10  3.115900e-10  2.585100e-10  2.868900e-10  1.983400e-10
sn118     absolute  3.730300e-10  6.405500e-10  6.415400e-10  1.396800e-09  1.111700e-09  1.214200e-09  7.824800e-10
sn119     absolute  1.159400e-10  1.994200e-10  2.000200e-10  4.248500e-10  3.409400e-10  3.728800e-10  2.489500e-10
sn120     absolute  5.980900e-10  1.069200e-09  1.058200e-09  2.178000e-09  1.635300e-09  1.742000e-09  1.108800e-09
sn121     absolute  0.000000e+00  0.000000e+00  0.000000e+00  0.000000e+00  0.000000e+00  0.000000e+00  0.000000e+00
sn122     absolute  6.004300e-11  2.696100e-10  4.358100e-10  8.694300e-10  6.632900e-10  7.482900e-10  4.117500e-10
sn123     absolute  0.000000e+00  0.000000e+00  0.000000e+00  0.000000e+00  0.000000e+00  0.000000e+00  0.000000e+00
sn124     absolute  1.723100e-11  4.324500e-11  1.379900e-10  3.366100e-10  3.149100e-10  3.607400e-10  2.000800e-10
sb121     absolute  5.192600e-11  9.271800e-11  9.512600e-11  1.853400e-10  1.511600e-10  1.680600e-10  1.254100e-10
sb122     absolute  0.000000e+00  0.000000e+00  0.000000e+00  0.000000e+00  0.000000e+00  0.000000e+00  0.000000e+00
sb123     absolute  1.998400e-11  4.937500e-11  6.539900e-11  1.160400e-10  1.009500e-10  1.176500e-10  8.927800e-11
sb124     absolute  0.000000e+00  0.000000e+00  0.000000e+00  0.000000e+00  0.000000e+00  0.000000e+00  0.000000e+00
sb125     absolute  0.000000e+00  0.000000e+00  0.000000e+00  0.000000e+00  0.000000e+00  0.000000e+00  0.000000e+00
te122     absolute  6.663700e-11  1.185200e-10  1.172600e-10  2.406300e-10  1.744200e-10  1.810200e-10  1.108700e-10
te123     absolute  2.250200e-11  3.947700e-11  3.923700e-11  8.110800e-11  5.824000e-11  5.988100e-11  3.689800e-11
te124     absolute  1.356600e-10  2.565700e-10  2.799200e-10  5.742700e-10  4.106800e-10  4.298100e-10  2.560800e-10
te125     absolute  6.129000e-11  1.094300e-10  1.298600e-10  2.431200e-10  2.054100e-10  2.297800e-10  1.826400e-10
te126     absolute  2.949600e-10  4.931300e-10  5.559600e-10  1.121700e-09  8.489200e-10  9.112700e-10  6.377200e-10
te127     absolute  0.000000e+00  0.000000e+00  0.000000e+00  0.000000e+00  0.000000e+00  0.000000e+00  0.000000e+00
te128     absolute  1.242100e-10  2.247600e-10  2.874700e-10  4.196300e-10  4.682400e-10  5.774000e-10  6.155000e-10
te130     absolute  1.031800e-10  1.600100e-10  2.134900e-10  2.639300e-10  3.786500e-10  4.932800e-10  6.046600e-10
i127      absolute  9.368200e-11  1.493500e-10  1.867800e-10  2.900700e-10  3.151900e-10  3.811500e-10  3.993700e-10
i128      absolute  0.000000e+00  0.000000e+00  0.000000e+00  0.000000e+00  0.000000e+00  0.000000e+00  0.000000e+00
i129      absolute  9.931800e-13  2.237200e-12  2.687300e-12  6.130200e-12  4.784000e-12  5.651900e-12  3.289000e-12
i130      absolute  0.000000e+00  0.000000e+00  0.000000e+00  0.000000e+00  0.000000e+00  0.000000e+00  0.000000e+00
i131      absolute  0.000000e+00  0.000000e+00  0.000000e+00  0.000000e+00  0.000000e+00  0.000000e+00  0.000000e+00
i132      absolute  0.000000e+00  0.000000e+00  0.000000e+00  0.000000e+00  0.000000e+00  0.000000e+00  0.000000e+00
i133      absolute  0.000000e+00  0.000000e+00  0.000000e+00  0.000000e+00  0.000000e+00  0.000000e+00  0.000000e+00
xe128     absolute  8.364400e-11  1.360700e-10  1.474100e-10  3.143400e-10  2.180900e-10  2.272700e-10  1.408300e-10
xe129     absolute  1.241600e-10  1.967000e-10  2.497000e-10  3.660700e-10  4.242300e-10  5.200200e-10  5.710400e-10
xe130     absolute  1.791900e-10  2.881900e-10  2.998500e-10  6.469600e-10  4.408000e-10  4.528000e-10  2.809400e-10
xe131     absolute  1.212200e-10  1.902400e-10  2.303700e-10  3.651000e-10  3.859600e-10  4.629300e-10  4.844700e-10
xe132     absolute  4.320600e-10  6.989800e-10  6.952300e-10  1.364100e-09  1.026100e-09  1.088300e-09  8.600100e-10
xe133     absolute  0.000000e+00  0.000000e+00  0.000000e+00  0.000000e+00  0.000000e+00  0.000000e+00  0.000000e+00
xe134     absolute  8.781100e-11  3.072400e-10  4.453800e-10  8.003900e-10  5.998800e-10  6.231600e-10  4.248100e-10
xe135     absolute  0.000000e+00  0.000000e+00  0.000000e+00  0.000000e+00  0.000000e+00  0.000000e+00  0.000000e+00
xe136     absolute  3.515900e-11  5.607100e-11  1.470100e-10  4.007000e-10  5.294600e-10  7.026600e-10  3.882200e-10
cs133     absolute  7.231800e-11  1.179900e-10  1.222200e-10  2.237800e-10  1.888800e-10  2.107100e-10  1.887800e-10
cs134     absolute  0.000000e+00  0.000000e+00  0.000000e+00  0.000000e+00  0.000000e+00  0.000000e+00  0.000000e+00
ba135     absolute  9.187300e-11  1.722980e-10  1.788320e-10  3.335000e-10  2.465400e-10  2.556100e-10  1.928440e-10
cs136     absolute  0.000000e+00  0.000000e+00  0.000000e+00  0.000000e+00  0.000000e+00  0.000000e+00  0.000000e+00
ba137     absolute  3.662200e-10  7.283000e-10  9.223700e-10  2.036217e-09  1.421076e-09  1.372837e-09  7.959072e-10
ba134     absolute  1.058800e-10  1.679900e-10  1.535500e-10  3.349200e-10  2.099300e-10  1.965700e-10  1.173800e-10
ba136     absolute  3.704600e-10  5.748200e-10  5.204000e-10  1.076600e-09  6.579200e-10  5.886600e-10  3.614300e-10
ba138     absolute  5.069000e-09  8.937400e-09  8.547600e-09  1.408000e-08  6.704200e-09  3.784400e-09  2.434200e-09
ba139     absolute  0.000000e+00  0.000000e+00  0.000000e+00  0.000000e+00  0.000000e+00  0.000000e+00  0.000000e+00
ba140     absolute  0.000000e+00  0.000000e+00  0.000000e+00  0.000000e+00  0.000000e+00  0.000000e+00  0.000000e+00
la139     absolute  6.203100e-10  1.105800e-09  1.079500e-09  1.735100e-09  8.107900e-10  4.326500e-10  2.917600e-10
la140     absolute  0.000000e+00  0.000000e+00  0.000000e+00  0.000000e+00  0.000000e+00  0.000000e+00  0.000000e+00
ce140     absolute  2.082500e-09  3.363000e-09  2.910700e-09  4.269400e-09  1.794500e-09  7.891000e-10  5.660000e-10
ce141     absolute  0.000000e+00  0.000000e+00  0.000000e+00  0.000000e+00  0.000000e+00  0.000000e+00  0.000000e+00
ce142     absolute  1.076700e-10  4.389500e-10  6.306600e-10  8.479400e-10  3.675800e-10  1.630100e-10  9.801200e-11
ce143     absolute  0.000000e+00  0.000000e+00  0.000000e+00  0.000000e+00  0.000000e+00  0.000000e+00  0.000000e+00
ce144     absolute  0.000000e+00  0.000000e+00  0.000000e+00  0.000000e+00  0.000000e+00  0.000000e+00  0.000000e+00
pr141     absolute  2.244500e-10  4.089100e-10  3.678100e-10  5.142000e-10  2.282500e-10  1.157100e-10  9.164100e-11
pr142     absolute  0.000000e+00  0.000000e+00  0.000000e+00  0.000000e+00  0.000000e+00  0.000000e+00  0.000000e+00
pr143     absolute  0.000000e+00  0.000000e+00  0.000000e+00  0.000000e+00  0.000000e+00  0.000000e+00  0.000000e+00
pr145     absolute  0.000000e+00  0.000000e+00  0.000000e+00  0.000000e+00  0.000000e+00  0.000000e+00  0.000000e+00
nd142     absolute  5.150600e-10  7.273100e-10  5.915000e-10  8.948700e-10  3.660700e-10  1.529100e-10  1.128300e-10
nd143     absolute  9.401700e-11  1.709000e-10  1.771000e-10  2.505500e-10  1.153500e-10  6.136800e-11  5.052700e-11
nd144     absolute  3.004000e-10  5.595900e-10  6.403600e-10  9.260100e-10  4.001800e-10  1.762800e-10  1.183100e-10
nd145     absolute  5.809200e-11  1.068600e-10  1.233500e-10  1.791100e-10  8.343900e-11  4.367800e-11  3.489600e-11
nd146     absolute  2.765700e-10  4.860500e-10  5.429100e-10  8.188700e-10  3.527500e-10  1.452900e-10  9.015000e-11
nd147     absolute  0.000000e+00  0.000000e+00  0.000000e+00  0.000000e+00  0.000000e+00  0.000000e+00  0.000000e+00
nd148     absolute  5.122200e-11  1.116500e-10  1.247000e-10  1.786500e-10  8.478700e-11  4.125600e-11  2.947000e-11
nd149     absolute  0.000000e+00  0.000000e+00  0.000000e+00  0.000000e+00  0.000000e+00  0.000000e+00  0.000000e+00
nd150     absolute  4.870500e-12  1.247000e-11  1.454200e-11  1.691400e-11  1.597000e-11  1.759400e-11  2.048100e-11
pm145     absolute  0.000000e+00  0.000000e+00  0.000000e+00  0.000000e+00  0.000000e+00  0.000000e+00  0.000000e+00
pm146     absolute  0.000000e+00  0.000000e+00  0.000000e+00  0.000000e+00  0.000000e+00  0.000000e+00  0.000000e+00
pm147     absolute  0.000000e+00  0.000000e+00  0.000000e+00  0.000000e+00  0.000000e+00  0.000000e+00  0.000000e+00
pm148     absolute  0.000000e+00  0.000000e+00  0.000000e+00  0.000000e+00  0.000000e+00  0.000000e+00  0.000000e+00
pm149     absolute  0.000000e+00  0.000000e+00  0.000000e+00  0.000000e+00  0.000000e+00  0.000000e+00  0.000000e+00
pm150     absolute  0.000000e+00  0.000000e+00  0.000000e+00  0.000000e+00  0.000000e+00  0.000000e+00  0.000000e+00
pm151     absolute  0.000000e+00  0.000000e+00  0.000000e+00  0.000000e+00  0.000000e+00  0.000000e+00  0.000000e+00
sm144     absolute  5.504900e-13  8.503900e-13  1.145900e-12  1.424100e-12  2.045900e-12  2.659900e-12  3.255100e-12
sm145     absolute  0.000000e+00  0.000000e+00  0.000000e+00  0.000000e+00  0.000000e+00  0.000000e+00  0.000000e+00
sm146     absolute  0.000000e+00  0.000000e+00  0.000000e+00  0.000000e+00  0.000000e+00  0.000000e+00  0.000000e+00
sm147     absolute  3.370900e-11  5.897000e-11  6.671600e-11  1.018300e-10  4.893500e-11  2.536200e-11  1.992500e-11
sm148     absolute  6.927400e-11  1.112100e-10  1.219100e-10  1.898300e-10  7.827700e-11  2.971500e-11  1.737400e-11
sm149     absolute  1.575400e-11  2.815900e-11  3.228000e-11  4.872000e-11  2.693600e-11  1.771100e-11  1.656800e-11
sm150     absolute  5.891800e-11  1.048600e-10  1.146400e-10  1.756900e-10  7.406000e-11  2.773300e-11  1.482700e-11
sm151     absolute  0.000000e+00  0.000000e+00  0.000000e+00  0.000000e+00  0.000000e+00  0.000000e+00  0.000000e+00
sm152     absolute  5.492000e-11  9.882300e-11  1.092900e-10  1.651800e-10  8.035200e-11  4.315800e-11  3.536400e-11
sm153     absolute  0.000000e+00  0.000000e+00  0.000000e+00  0.000000e+00  0.000000e+00  0.000000e+00  0.000000e+00
sm154     absolute  2.745400e-11  5.934700e-11  6.608800e-11  9.000900e-11  4.976600e-11  3.272000e-11  3.010800e-11
eu151     absolute  1.147700e-11  2.003400e-11  2.327900e-11  3.403200e-11  2.278600e-11  1.890600e-11  1.989400e-11
eu152     absolute  0.000000e+00  0.000000e+00  0.000000e+00  0.000000e+00  0.000000e+00  0.000000e+00  0.000000e+00
eu153     absolute  1.357900e-11  2.392400e-11  2.760300e-11  4.049300e-11  2.640600e-11  2.153300e-11  2.256300e-11
eu154     absolute  0.000000e+00  0.000000e+00  0.000000e+00  0.000000e+00  0.000000e+00  0.000000e+00  0.000000e+00
eu155     absolute  0.000000e+00  0.000000e+00  0.000000e+00  0.000000e+00  0.000000e+00  0.000000e+00  0.000000e+00
eu156     absolute  0.000000e+00  0.000000e+00  0.000000e+00  0.000000e+00  0.000000e+00  0.000000e+00  0.000000e+00
eu157     absolute  0.000000e+00  0.000000e+00  0.000000e+00  0.000000e+00  0.000000e+00  0.000000e+00  0.000000e+00
gd152     absolute  6.314300e-13  1.299500e-12  1.494900e-12  2.073400e-12  9.015600e-13  7.723900e-13  9.555700e-13
gd153     absolute  0.000000e+00  0.000000e+00  0.000000e+00  0.000000e+00  0.000000e+00  0.000000e+00  0.000000e+00
gd154     absolute  1.295000e-11  2.369900e-11  2.625100e-11  3.983500e-11  1.698400e-11  7.445800e-12  5.311700e-12
gd155     absolute  1.720200e-11  3.155600e-11  3.589000e-11  5.297100e-11  3.184800e-11  2.332700e-11  2.317100e-11
gd156     absolute  4.655700e-11  8.764400e-11  9.701000e-11  1.422300e-10  7.091500e-11  4.083200e-11  3.565300e-11
gd157     absolute  2.286600e-11  4.278100e-11  4.841300e-11  7.125200e-11  3.948900e-11  2.655700e-11  2.536900e-11
gd158     absolute  7.749200e-11  1.473100e-10  1.645300e-10  2.492200e-10  1.181800e-10  5.971500e-11  4.690500e-11
gd159     absolute  0.000000e+00  0.000000e+00  0.000000e+00  0.000000e+00  0.000000e+00  0.000000e+00  0.000000e+00
gd160     absolute  2.229500e-11  5.212800e-11  6.056300e-11  8.075900e-11  4.951600e-11  3.714200e-11  3.683200e-11
tb159     absolute  2.105500e-11  3.928100e-11  4.531900e-11  6.771200e-11  4.006600e-11  2.885200e-11  2.849000e-11
tb160     absolute  0.000000e+00  0.000000e+00  0.000000e+00  0.000000e+00  0.000000e+00  0.000000e+00  0.000000e+00
tb161     absolute  0.000000e+00  0.000000e+00  0.000000e+00  0.000000e+00  0.000000e+00  0.000000e+00  0.000000e+00
dy160     absolute  2.434500e-11  4.628800e-11  5.148100e-11  7.922500e-11  3.371000e-11  1.298700e-11  7.517600e-12
dy161     absolute  1.823800e-11  3.424600e-11  4.059800e-11  5.941300e-11  3.997800e-11  3.309300e-11  3.478900e-11
dy162     absolute  6.074300e-11  1.172800e-10  1.339200e-10  2.010600e-10  1.032200e-10  6.076800e-11  5.376700e-11
dy163     absolute  2.449600e-11  4.468900e-11  5.221100e-11  7.583000e-11  5.173200e-11  4.342700e-11  4.604900e-11
dy164     absolute  9.753700e-11  1.750800e-10  1.931400e-10  2.874100e-10  1.424900e-10  7.698000e-11  6.377000e-11
dy165     absolute  0.000000e+00  0.000000e+00  0.000000e+00  0.000000e+00  0.000000e+00  0.000000e+00  0.000000e+00
dy166     absolute  0.000000e+00  0.000000e+00  0.000000e+00  0.000000e+00  0.000000e+00  0.000000e+00  0.000000e+00
ho163     absolute  0.000000e+00  0.000000e+00  3.694400e-13  1.150500e-12  7.304200e-13  4.930300e-13  3.491300e-13
ho164     absolute  0.000000e+00  0.000000e+00  0.000000e+00  0.000000e+00  0.000000e+00  0.000000e+00  0.000000e+00
ho165     absolute  2.953000e-11  5.356300e-11  6.328700e-11  9.419600e-11  5.780600e-11  4.354100e-11  4.410600e-11
ho166     absolute  0.000000e+00  0.000000e+00  0.000000e+00  0.000000e+00  0.000000e+00  0.000000e+00  0.000000e+00
er164     absolute  8.967800e-12  1.910100e-11  2.289700e-11  3.527200e-11  1.491900e-11  5.702200e-12  3.210900e-12
er165     absolute  0.000000e+00  0.000000e+00  0.000000e+00  0.000000e+00  0.000000e+00  0.000000e+00  0.000000e+00
er166     absolute  4.073000e-11  7.227800e-11  8.574700e-11  1.330200e-10  7.296500e-11  4.783000e-11  4.563700e-11
er167     absolute  2.067400e-11  3.657300e-11  4.400000e-11  6.865400e-11  4.160400e-11  3.020300e-11  3.004100e-11
er168     absolute  7.293500e-11  1.266400e-10  1.459300e-10  2.322400e-10  1.127700e-10  5.581100e-11  4.294700e-11
er169     absolute  0.000000e+00  0.000000e+00  0.000000e+00  0.000000e+00  0.000000e+00  0.000000e+00  0.000000e+00
er170     absolute  3.886800e-11  7.487200e-11  8.636100e-11  1.283300e-10  6.660700e-11  3.435100e-11  2.566400e-11
er171     absolute  0.000000e+00  0.000000e+00  0.000000e+00  0.000000e+00  0.000000e+00  0.000000e+00  0.000000e+00
er172     absolute  0.000000e+00  0.000000e+00  0.000000e+00  0.000000e+00  0.000000e+00  0.000000e+00  0.000000e+00
tm169     absolute  1.682700e-11  2.913000e-11  3.453100e-11  5.482500e-11  3.196300e-11  2.127300e-11  2.011300e-11
tm170     absolute  0.000000e+00  0.000000e+00  0.000000e+00  0.000000e+00  0.000000e+00  0.000000e+00  0.000000e+00
tm171     absolute  0.000000e+00  0.000000e+00  0.000000e+00  0.000000e+00  0.000000e+00  0.000000e+00  0.000000e+00
tm172     absolute  0.000000e+00  0.000000e+00  0.000000e+00  0.000000e+00  0.000000e+00  0.000000e+00  0.000000e+00
tm173     absolute  0.000000e+00  0.000000e+00  0.000000e+00  0.000000e+00  0.000000e+00  0.000000e+00  0.000000e+00
yb170     absolute  2.194300e-11  3.724500e-11  4.161200e-11  6.320900e-11  2.699800e-11  1.036600e-11  6.120700e-12
yb171     absolute  3.504700e-11  6.037900e-11  6.905200e-11  1.087100e-10  5.581900e-11  2.892400e-11  2.230600e-11
yb172     absolute  8.490200e-11  1.405800e-10  1.584600e-10  2.450700e-10  1.147600e-10  5.146000e-11  3.528400e-11
yb173     absolute  4.057700e-11  6.726100e-11  7.703900e-11  1.207800e-10  6.078900e-11  3.129000e-11  2.442400e-11
yb174     absolute  1.862000e-10  3.013000e-10  3.397900e-10  5.317400e-10  2.465600e-10  1.009700e-10  6.041700e-11
yb175     absolute  0.000000e+00  0.000000e+00  0.000000e+00  0.000000e+00  0.000000e+00  0.000000e+00  0.000000e+00
yb176     absolute  4.138800e-11  9.279200e-11  1.085200e-10  1.473200e-10  7.427800e-11  3.530000e-11  2.378100e-11
yb177     absolute  0.000000e+00  0.000000e+00  0.000000e+00  0.000000e+00  0.000000e+00  0.000000e+00  0.000000e+00
lu175     absolute  2.772700e-11  4.503000e-11  5.176700e-11  8.010300e-11  4.270700e-11  2.403900e-11  2.008900e-11
lu176     absolute  1.338700e-11  2.160800e-11  2.407700e-11  1.250600e-11  5.564300e-12  2.006400e-12  9.525200e-13
lu177     absolute  0.000000e+00  0.000000e+00  0.000000e+00  0.000000e+00  0.000000e+00  0.000000e+00  0.000000e+00
hf176     absolute  1.152800e-11  1.841800e-11  2.090000e-11  9.259400e-11  4.147200e-11  1.548800e-11  8.039700e-12
hf177     absolute  2.549800e-11  4.338900e-11  5.005400e-11  7.172100e-11  3.842300e-11  2.184600e-11  1.834200e-11
hf178     absolute  1.017800e-10  1.726100e-10  1.969200e-10  2.926500e-10  1.373400e-10  5.723900e-11  3.483600e-11
hf179     absolute  3.561600e-11  6.046300e-11  6.967300e-11  1.044900e-10  5.088700e-11  2.315500e-11  1.569100e-11
hf180     absolute  1.883300e-10  3.079200e-10  3.541000e-10  5.448400e-10  2.536100e-10  9.763400e-11  5.177300e-11
hf181     absolute  0.000000e+00  0.000000e+00  0.000000e+00  0.000000e+00  0.000000e+00  0.000000e+00  0.000000e+00
hf182     absolute  1.621100e-11  3.816500e-11  4.265400e-11  5.466100e-11  2.538100e-11  8.808200e-12  3.111800e-12
hf183     absolute  0.000000e+00  0.000000e+00  0.000000e+00  0.000000e+00  0.000000e+00  0.000000e+00  0.000000e+00
hf184     absolute  0.000000e+00  0.000000e+00  0.000000e+00  0.000000e+00  0.000000e+00  0.000000e+00  0.000000e+00
ta179     absolute  0.000000e+00  0.000000e+00  0.000000e+00  0.000000e+00  0.000000e+00  0.000000e+00  0.000000e+00
ta180     absolute  0.000000e+00  0.000000e+00  0.000000e+00  0.000000e+00  0.000000e+00  0.000000e+00  0.000000e+00
ta181     absolute  4.034600e-11  6.646500e-11  7.727300e-11  1.195200e-10  5.880400e-11  2.551900e-11  1.594200e-11
ta182     absolute  0.000000e+00  0.000000e+00  0.000000e+00  0.000000e+00  0.000000e+00  0.000000e+00  0.000000e+00
ta183     absolute  0.000000e+00  0.000000e+00  0.000000e+00  0.000000e+00  0.000000e+00  0.000000e+00  0.000000e+00
ta184     absolute  0.000000e+00  0.000000e+00  0.000000e+00  0.000000e+00  0.000000e+00  0.000000e+00  0.000000e+00
w180      absolute  0.000000e+00  0.000000e+00  0.000000e+00  0.000000e+00  0.000000e+00  0.000000e+00  0.000000e+00
w181      absolute  0.000000e+00  0.000000e+00  0.000000e+00  0.000000e+00  0.000000e+00  0.000000e+00  0.000000e+00
w182      absolute  7.315400e-11  1.122900e-10  1.290500e-10  1.986700e-10  9.288700e-11  3.826900e-11  2.360300e-11
w183      absolute  5.052700e-11  8.167700e-11  9.408400e-11  1.459200e-10  6.996800e-11  2.803800e-11  1.564200e-11
w184      absolute  1.357900e-10  2.062200e-10  2.324300e-10  3.614800e-10  1.705300e-10  6.564100e-11  3.440100e-11
w185      absolute  0.000000e+00  0.000000e+00  0.000000e+00  0.000000e+00  0.000000e+00  0.000000e+00  0.000000e+00
w186      absolute  7.238000e-11  1.126100e-10  1.245900e-10  1.905000e-10  9.895300e-11  4.540500e-11  2.936700e-11
w187      absolute  0.000000e+00  0.000000e+00  0.000000e+00  0.000000e+00  0.000000e+00  0.000000e+00  0.000000e+00
w188      absolute  0.000000e+00  0.000000e+00  0.000000e+00  0.000000e+00  0.000000e+00  0.000000e+00  0.000000e+00
re185     absolute  2.779100e-11  4.237000e-11  4.872300e-11  7.788300e-11  4.086500e-11  1.971800e-11  1.396100e-11
re186     absolute  0.000000e+00  0.000000e+00  0.000000e+00  0.000000e+00  0.000000e+00  0.000000e+00  0.000000e+00
re187     absolute  2.048300e-11  3.259700e-11  3.725200e-11  5.596300e-11  3.386400e-11  2.158300e-11  1.916300e-11
re188     absolute  0.000000e+00  0.000000e+00  0.000000e+00  0.000000e+00  0.000000e+00  0.000000e+00  0.000000e+00
re189     absolute  0.000000e+00  0.000000e+00  0.000000e+00  0.000000e+00  0.000000e+00  0.000000e+00  0.000000e+00
os186     absolute  4.657000e-11  6.634900e-11  7.367000e-11  1.125200e-10  4.965600e-11  1.753800e-11  8.467800e-12
os187     absolute  1.394100e-11  1.929800e-11  2.189200e-11  3.368400e-11  1.727400e-11  9.034200e-12  7.299500e-12
os188     absolute  1.181900e-10  1.859900e-10  2.104900e-10  3.188600e-10  1.653000e-10  8.240700e-11  6.149600e-11
os189     absolute  3.330400e-11  5.302800e-11  6.308400e-11  9.105100e-11  6.709400e-11  5.702200e-11  6.012000e-11
os190     absolute  1.363700e-10  2.210700e-10  2.549700e-10  3.758300e-10  2.118600e-10  1.275400e-10  1.119700e-10
os191     absolute  0.000000e+00  0.000000e+00  0.000000e+00  0.000000e+00  0.000000e+00  0.000000e+00  0.000000e+00
os192     absolute  1.022800e-10  1.795600e-10  2.138400e-10  2.964900e-10  2.052700e-10  1.613300e-10  1.632600e-10
os193     absolute  0.000000e+00  0.000000e+00  0.000000e+00  0.000000e+00  0.000000e+00  0.000000e+00  0.000000e+00
os194     absolute  0.000000e+00  0.000000e+00  0.000000e+00  0.000000e+00  0.000000e+00  0.000000e+00  0.000000e+00
ir191     absolute  4.525400e-11  7.217200e-11  8.936700e-11  1.229100e-10  1.124600e-10  1.146600e-10  1.296200e-10
ir192     absolute  0.000000e+00  0.000000e+00  0.000000e+00  0.000000e+00  0.000000e+00  0.000000e+00  0.000000e+00
ir193     absolute  6.807600e-11  1.100400e-10  1.388500e-10  1.896100e-10  1.837200e-10  1.940900e-10  2.220600e-10
ir194     absolute  0.000000e+00  0.000000e+00  0.000000e+00  0.000000e+00  0.000000e+00  0.000000e+00  0.000000e+00
ir195     absolute  0.000000e+00  0.000000e+00  0.000000e+00  0.000000e+00  0.000000e+00  0.000000e+00  0.000000e+00
pt192     absolute  3.322700e-11  5.211900e-11  5.933800e-11  8.694800e-11  3.933300e-11  1.732200e-11  1.295200e-11
pt193     absolute  0.000000e+00  0.000000e+00  0.000000e+00  0.000000e+00  0.000000e+00  0.000000e+00  0.000000e+00
pt194     absolute  1.738500e-10  3.120600e-10  3.832600e-10  5.464000e-10  3.583300e-10  2.708300e-10  2.725400e-10
pt195     absolute  9.297000e-11  1.551100e-10  1.971200e-10  2.757900e-10  2.360700e-10  2.305900e-10  2.576000e-10
pt196     absolute  2.090000e-10  3.313100e-10  4.066000e-10  6.265400e-10  3.744900e-10  2.410100e-10  2.208600e-10
pt197     absolute  0.000000e+00  0.000000e+00  0.000000e+00  0.000000e+00  0.000000e+00  0.000000e+00  0.000000e+00
pt198     absolute  2.871000e-11  6.696000e-11  8.548000e-11  1.155300e-10  8.062600e-11  6.125300e-11  5.977900e-11
au197     absolute  7.094100e-11  1.103600e-10  1.372400e-10  2.078700e-10  1.451800e-10  1.142500e-10  1.161800e-10
au198     absolute  0.000000e+00  0.000000e+00  0.000000e+00  0.000000e+00  0.000000e+00  0.000000e+00  0.000000e+00
au199     absolute  0.000000e+00  0.000000e+00  0.000000e+00  0.000000e+00  0.000000e+00  0.000000e+00  0.000000e+00
hg198     absolute  1.678700e-10  2.280000e-10  2.693100e-10  4.534700e-10  2.238200e-10  8.667700e-11  4.410800e-11
hg199     absolute  8.851700e-11  1.258300e-10  1.496700e-10  2.435000e-10  1.344400e-10  6.853200e-11  5.011400e-11
hg200     absolute  2.993100e-10  4.068900e-10  4.526100e-10  7.395500e-10  3.802100e-10  1.577300e-10  8.610400e-11
hg201     absolute  1.309800e-10  1.788900e-10  1.953800e-10  3.183400e-10  1.681900e-10  7.467200e-11  4.483200e-11
hg202     absolute  5.419300e-10  7.536500e-10  7.481100e-10  1.187300e-09  5.985700e-10  2.375100e-10  1.192800e-10
hg203     absolute  0.000000e+00  0.000000e+00  0.000000e+00  0.000000e+00  0.000000e+00  0.000000e+00  0.000000e+00
hg204     absolute  1.871700e-11  6.918300e-11  9.043200e-11  1.083400e-10  5.919700e-11  2.989800e-11  2.086400e-11
tl203     absolute  2.529200e-10  3.674900e-10  3.552200e-10  5.533500e-10  2.785100e-10  1.101700e-10  5.418600e-11
tl204     absolute  0.000000e+00  0.000000e+00  0.000000e+00  0.000000e+00  0.000000e+00  0.000000e+00  0.000000e+00
tl205     absolute  5.427540e-10  7.754250e-10  6.851790e-10  9.067270e-10  4.325860e-10  1.797410e-10  1.064600e-10
pb204     absolute  2.942600e-10  3.918100e-10  3.726100e-10  6.075000e-10  3.032400e-10  1.190800e-10  5.975400e-11
pb206     absolute  3.968700e-09  6.269000e-09  6.815500e-09  8.670500e-09  4.311600e-09  1.512400e-09  5.394400e-10
pb207     absolute  5.568400e-09  8.629500e-09  8.360300e-09  1.005700e-08  4.396700e-09  1.411000e-09  5.511200e-10
pb208     absolute  1.459800e-07  2.414500e-07  2.570400e-07  2.384600e-07  9.752300e-08  2.576700e-08  3.413200e-09
pb209     absolute  0.000000e+00  0.000000e+00  0.000000e+00  0.000000e+00  0.000000e+00  0.000000e+00  0.000000e+00
pb210     absolute  0.000000e+00  0.000000e+00  0.000000e+00  0.000000e+00  0.000000e+00  0.000000e+00  0.000000e+00
bi209     absolute  1.474800e-09  3.432000e-09  5.249700e-09  5.482000e-09  2.744700e-09  8.471200e-10  1.576100e-10
