# Minitial =  2.50 msun, Z = 0.0016, Mfinal = 0.680 msun
  species    A      yield       mass(i)_lost    mass(i)_0        <X(i)>          X0(i)   log10(<X(i)>/X0(i)) 
      n      1   0.0000000E+00  0.0000000E+00  0.0000000E+00  0.0000000E+00  0.0000000E+00  0.0000000E+00
      p      1  -8.0744624E-02  1.3180959E+00  1.3988405E+00  7.2422856E-01  7.6864678E-01 -2.5851155E-02
      d      2   1.1656039E-17  1.1656039E-17  0.0000000E+00  6.4044169E-18  0.0000000E+00  0.0000000E+00
    he3      3   2.7079179E-04  2.7079412E-04  2.3150208E-09  1.4878798E-04  1.2720773E-09  5.0680542E+00
    he4      4   5.9585065E-02  4.7763562E-01  4.1805056E-01  2.6243716E-01  2.2971398E-01  5.7837918E-02
    li7      7  -9.8952579E-10  2.4319918E-10  1.2327249E-09  1.3362593E-10  6.7736822E-10 -7.0493406E-01
    be7      7   3.0983772E-12  3.0983772E-12  0.0000000E+00  1.7024051E-12  0.0000000E+00  0.0000000E+00
     b8      8   2.8383135E-28  2.8383135E-28  0.0000000E+00  1.5595130E-28  0.0000000E+00  0.0000000E+00
    c12     12   1.7627768E-02  1.8013198E-02  3.8542916E-04  9.8973615E-03  2.1178889E-04  1.6696162E+00
    c13     13   8.3477671E-06  8.3486193E-06  8.5222618E-10  4.5871539E-06  4.6828852E-10  3.9910297E+00
    c14     14   5.2832366E-08  5.2832366E-08  0.0000000E+00  2.9028774E-08  0.0000000E+00  0.0000000E+00
    n13     13   0.0000000E+00  0.0000000E+00  0.0000000E+00  0.0000000E+00  0.0000000E+00  0.0000000E+00
    n14     14   1.9885051E-04  1.9911473E-04  2.6422543E-07  1.0940370E-04  1.4518884E-07  2.8770988E+00
    n15     15   1.8551249E-08  1.8559868E-08  8.6185390E-12  1.0197730E-08  4.7357882E-12  3.3331113E+00
    o14     14   0.0000000E+00  0.0000000E+00  0.0000000E+00  0.0000000E+00  0.0000000E+00  0.0000000E+00
    o15     15   0.0000000E+00  0.0000000E+00  0.0000000E+00  0.0000000E+00  0.0000000E+00  0.0000000E+00
    o16     16   4.5007071E-04  2.3594243E-03  1.9093535E-03  1.2963871E-03  1.0491678E-03  9.1889717E-02
    o17     17   1.1370446E-05  1.1370551E-05  1.0420505E-10  6.2475556E-06  5.7259482E-11  5.0378628E+00
    o18     18   8.1927194E-09  8.3832825E-09  1.9056334E-10  4.6061994E-09  1.0471237E-10  1.6433448E+00
    o19     19   0.0000000E+00  0.0000000E+00  0.0000000E+00  0.0000000E+00  0.0000000E+00  0.0000000E+00
    f17     17   0.0000000E+00  0.0000000E+00  0.0000000E+00  0.0000000E+00  0.0000000E+00  0.0000000E+00
    f18     18   0.0000000E+00  0.0000000E+00  0.0000000E+00  0.0000000E+00  0.0000000E+00  0.0000000E+00
    f19     19   3.4003829E-06  3.4003906E-06  7.6766970E-12  1.8683465E-06  4.2182564E-12  5.6463246E+00
    f20     20   0.0000000E+00  0.0000000E+00  0.0000000E+00  0.0000000E+00  0.0000000E+00  0.0000000E+00
   ne19     19   0.0000000E+00  0.0000000E+00  0.0000000E+00  0.0000000E+00  0.0000000E+00  0.0000000E+00
   ne20     20   3.2388256E-05  2.0528684E-04  1.7289858E-04  1.1279497E-04  9.5005780E-05  7.4539699E-02
   ne21     21   1.5631822E-06  1.5835533E-06  2.0371093E-08  8.7008425E-07  1.1193682E-08  1.8905883E+00
   ne22     22   2.4463979E-03  2.4464158E-03  1.7925760E-08  1.3441846E-03  9.8499990E-09  5.1350226E+00
   ne23     23   0.0000000E+00  0.0000000E+00  0.0000000E+00  0.0000000E+00  0.0000000E+00  0.0000000E+00
   na21     21   0.0000000E+00  0.0000000E+00  0.0000000E+00  0.0000000E+00  0.0000000E+00  0.0000000E+00
   na22     22   1.1471615E-23  1.1471615E-23  0.0000000E+00  6.3030854E-24  0.0000000E+00  0.0000000E+00
   na23     23   3.0801144E-05  3.1669060E-05  8.6791806E-07  1.7400584E-05  4.7691100E-07  1.5621265E+00
   na24     24   0.0000000E+00  0.0000000E+00  0.0000000E+00  0.0000000E+00  0.0000000E+00  0.0000000E+00
   mg23     23   0.0000000E+00  0.0000000E+00  0.0000000E+00  0.0000000E+00  0.0000000E+00  0.0000000E+00
   mg24     24   1.7220693E-05  1.1883701E-04  1.0161632E-04  6.5295062E-05  5.5836997E-05  6.7958295E-02
   mg25     25   2.6261103E-05  2.6338406E-05  7.7303866E-08  1.4471652E-05  4.2477584E-08  2.5323584E+00
   mg26     26   3.2433563E-05  3.2508091E-05  7.4528387E-08  1.7861588E-05  4.0952493E-08  2.6396399E+00
   mg27     27   0.0000000E+00  0.0000000E+00  0.0000000E+00  0.0000000E+00  0.0000000E+00  0.0000000E+00
   al25     25   0.0000000E+00  0.0000000E+00  0.0000000E+00  0.0000000E+00  0.0000000E+00  0.0000000E+00
   al-6     26   2.0465791E-08  2.0465791E-08  0.0000000E+00  1.1244940E-08  0.0000000E+00  0.0000000E+00
   al*6     26   0.0000000E+00  0.0000000E+00  0.0000000E+00  0.0000000E+00  0.0000000E+00  0.0000000E+00
   al27     27   1.1039208E-06  2.0120206E-06  9.0809976E-07  1.1055058E-06  4.9899035E-07  3.4546888E-01
   al28     28   0.0000000E+00  0.0000000E+00  0.0000000E+00  0.0000000E+00  0.0000000E+00  0.0000000E+00
   si27     27   0.0000000E+00  0.0000000E+00  0.0000000E+00  0.0000000E+00  0.0000000E+00  0.0000000E+00
   si28     28  -3.0736555E-07  2.2045462E-04  2.2076198E-04  1.2112891E-04  1.2130618E-04 -6.3508452E-04
   si29     29   5.4446889E-07  6.7837061E-07  1.3390175E-07  3.7273111E-07  7.3577475E-08  7.0465076E-01
   si30     30   5.8095247E-07  6.5635447E-07  7.5401978E-08  3.6063435E-07  4.1432521E-08  9.3972570E-01
   si31     31   0.0000000E+00  0.0000000E+00  0.0000000E+00  0.0000000E+00  0.0000000E+00  0.0000000E+00
   si32     32   4.6755473E-12  4.6755473E-12  0.0000000E+00  2.5689821E-12  0.0000000E+00  0.0000000E+00
   si33     33   0.0000000E+00  0.0000000E+00  0.0000000E+00  0.0000000E+00  0.0000000E+00  0.0000000E+00
    p29     29   0.0000000E+00  0.0000000E+00  0.0000000E+00  0.0000000E+00  0.0000000E+00  0.0000000E+00
    p30     30   0.0000000E+00  0.0000000E+00  0.0000000E+00  0.0000000E+00  0.0000000E+00  0.0000000E+00
    p31     31   4.0877680E-07  4.4099687E-07  3.2220068E-08  2.4230599E-07  1.7704558E-08  1.1362791E+00
    p32     32   1.1935777E-15  1.1935777E-15  0.0000000E+00  6.5581198E-16  0.0000000E+00  0.0000000E+00
    p33     33   0.0000000E+00  0.0000000E+00  0.0000000E+00  0.0000000E+00  0.0000000E+00  0.0000000E+00
    p34     34   0.0000000E+00  0.0000000E+00  0.0000000E+00  0.0000000E+00  0.0000000E+00  0.0000000E+00
    s32     32  -6.2983599E-07  8.2908926E-05  8.3538762E-05  4.5554356E-05  4.5903591E-05 -3.3167440E-03
    s33     33   6.4208976E-08  9.4731220E-08  3.0522241E-08  5.2050122E-08  1.6771621E-08  4.9184674E-01
    s34     34   2.2090873E-08  1.6317613E-07  1.4108525E-07  8.9657213E-08  7.7524717E-08  6.3145049E-02
    s35     35   2.7538421E-08  2.7538421E-08  0.0000000E+00  1.5131000E-08  0.0000000E+00  0.0000000E+00
   fe54     54  -1.0893757E-08  2.6920196E-07  2.8009572E-07  1.4791317E-07  1.5390937E-07 -1.7258205E-02
   fe55     55   1.5729980E-09  1.5729980E-09  0.0000000E+00  8.6428464E-10  0.0000000E+00  0.0000000E+00
   fe56     56  -2.2507811E-06  9.7599426E-05  9.9850207E-05  5.3626060E-05  5.4866541E-05 -9.9316891E-03
   fe57     57   5.4392763E-07  1.4207309E-06  8.7680326E-07  7.8062141E-07  4.8179334E-07  2.0957966E-01
   fe58     58   9.0940080E-07  9.0940085E-07  5.9577573E-14  4.9967082E-07  3.2737190E-14  7.1836424E+00
   fe59     59  -8.6390050E-42 -8.6390050E-42  0.0000000E+00 -4.7461979E-42  0.0000000E+00  0.0000000E+00
   fe60     60   4.2952745E-08  4.2952745E-08  0.0000000E+00  2.3600411E-08  0.0000000E+00  0.0000000E+00
   co59     59   2.0578801E-07  4.7970138E-07  2.7391337E-07  2.6357219E-07  1.5051225E-07  2.4332775E-01
   co60     60   1.5094523E-13  1.5094523E-13  0.0000000E+00  8.2936940E-14  0.0000000E+00  0.0000000E+00
   ni58     58  -2.2002223E-07  5.2706364E-06  5.4906586E-06  2.8959541E-06  3.0170536E-06 -1.7791338E-02
   ni59     59   3.4665639E-09  3.4665639E-09  0.0000000E+00  1.9047055E-09  0.0000000E+00  0.0000000E+00
   ni60     60   1.4030927E-07  1.4502579E-07  4.7165276E-09  7.9684504E-08  2.5916778E-09  1.4877930E+00
   ni61     61   6.0027645E-08  6.0035156E-08  7.5072214E-12  3.2986350E-08  4.1251317E-12  3.9028964E+00
   ni62     62   1.3608670E-07  1.3608670E-07  6.5763744E-15  7.4772913E-08  3.6136420E-15  7.3157992E+00
   ni63     63   4.2980289E-10  4.2980289E-10  0.0000000E+00  2.3615543E-10  0.0000000E+00  0.0000000E+00
   ni64     64   4.1343636E-08  4.1343647E-08  1.0905932E-14  2.2716291E-08  5.9926844E-15  6.5787158E+00
   cu63     63   2.7655485E-08  3.5480966E-08  7.8254807E-09  1.9495037E-08  4.3000115E-09  6.5645444E-01
   cu64     64   0.0000000E+00  0.0000000E+00  0.0000000E+00  0.0000000E+00  0.0000000E+00  0.0000000E+00
   cu65     65   9.2578842E-09  1.8832889E-08  9.5750048E-09  1.0347741E-08  5.2613554E-09  2.9374793E-01
   zn64     64  -5.0258961E-09  1.3700864E-07  1.4203454E-07  7.5279473E-08  7.8046348E-08 -1.5676025E-02
   zn65     65   1.1240418E-39  1.1240418E-39  0.0000000E+00  6.1760548E-40  0.0000000E+00  0.0000000E+00
   zn66     66   1.1361601E-08  1.1365907E-08  4.3056656E-12  6.2450041E-09  2.3659139E-12  3.4215338E+00
   zn67     67   2.5229892E-09  2.5239797E-09  9.9060799E-13  1.3868021E-09  5.4432771E-13  3.4061542E+00
   zn68     68   1.4777770E-08  1.4962257E-08  1.8448751E-10  8.2210203E-09  1.0137376E-10  1.9090002E+00
   zn69     69   0.0000000E+00  0.0000000E+00  0.0000000E+00  0.0000000E+00  0.0000000E+00  0.0000000E+00
   zn70     70   7.0647023E-11  7.0647023E-11  0.0000000E+00  3.8817047E-11  0.0000000E+00  0.0000000E+00
   ga69     69   1.8477850E-09  7.2528290E-09  5.4050440E-09  3.9850709E-09  2.9700096E-09  1.2767822E-01
   ga70     70   0.0000000E+00  0.0000000E+00  0.0000000E+00  0.0000000E+00  0.0000000E+00  0.0000000E+00
   ga71     71   1.7981532E-09  4.8664566E-09  3.0683034E-09  2.6738773E-09  1.6859976E-09  2.0028453E-01
   ge70     70   3.1573884E-09  5.1995936E-09  2.0422053E-09  2.8569196E-09  1.1221682E-09  4.0584004E-01
   ge71     71   0.0000000E+00  0.0000000E+00  0.0000000E+00  0.0000000E+00  0.0000000E+00  0.0000000E+00
   ge72     72   3.2971181E-09  1.0787696E-08  7.4905779E-09  5.9273058E-09  4.1159862E-09  1.5838343E-01
   ge73     73   9.8558806E-10  3.5091101E-09  2.5235221E-09  1.9280826E-09  1.3866464E-09  1.4315991E-01
   ge74     74   4.9750728E-09  1.7109372E-08  1.2134299E-08  9.4007540E-09  6.6676575E-09  1.4918941E-01
   as75     75   4.1260928E-10  2.5780276E-09  2.1654183E-09  1.4164987E-09  1.1898724E-09  7.5715803E-02
   se76     76   1.8385053E-09  2.5267524E-09  6.8824701E-10  1.3883256E-09  3.7818382E-10  5.6478840E-01
   se77     77   6.8502559E-10  2.0800939E-09  1.3950683E-09  1.1429088E-09  7.6657397E-10  1.7345749E-01
   se78     78   5.0527458E-09  8.9232532E-09  3.8705075E-09  4.9028865E-09  2.1267994E-09  3.6272529E-01
   se79     79   6.1485872E-10  6.1485872E-10  0.0000000E+00  3.3783448E-10  0.0000000E+00  0.0000000E+00
   se80     80   6.8715478E-09  1.7527778E-08  1.0656231E-08  9.6306474E-09  5.8554761E-09  2.1609329E-01
   br79     79   5.6986843E-10  6.9402145E-10  1.2415301E-10  3.8133049E-10  6.8220651E-11  7.4738568E-01
   br80     80   0.0000000E+00  0.0000000E+00  0.0000000E+00  0.0000000E+00  0.0000000E+00  0.0000000E+00
   br81     81   8.3453111E-10  4.2673252E-09  3.4327940E-09  2.3446842E-09  1.8862807E-09  9.4478056E-02
   kr80     80  -7.4691503E-12  1.5139370E-10  1.5886285E-10  8.3183356E-11  8.7293311E-11 -2.0944526E-02
   kr81     81   3.1682234E-14  3.1682234E-14  0.0000000E+00  1.7407821E-14  0.0000000E+00  0.0000000E+00
   kr82     82   3.6554968E-09  4.6454423E-09  9.8994546E-10  2.5524409E-09  5.4396371E-10  6.7138577E-01
   kr83     83   1.2150625E-09  3.0567708E-09  1.8417083E-09  1.6795445E-09  1.0119976E-09  2.2001204E-01
   kr84     84   9.9476223E-09  1.9062405E-08  9.1147827E-09  1.0473849E-08  5.0084683E-09  3.2040137E-01
   kr-5     85   6.3174089E-16  6.3174089E-16  0.0000000E+00  3.4711040E-16  0.0000000E+00  0.0000000E+00
   kr*5     85   0.0000000E+00  0.0000000E+00  0.0000000E+00  0.0000000E+00  0.0000000E+00  0.0000000E+00
   kr86     86   1.6129597E-08  1.8106272E-08  1.9766748E-09  9.9485016E-09  1.0861602E-09  9.6186382E-01
   rb85     85   3.4202519E-09  4.6929429E-09  1.2726911E-09  2.5785403E-09  6.9932904E-10  5.6669235E-01
   rb86     86   0.0000000E+00  0.0000000E+00  0.0000000E+00  0.0000000E+00  0.0000000E+00  0.0000000E+00
   rb87     87   3.7958592E-09  4.2130024E-09  4.1714329E-10  2.3148365E-09  2.2921544E-10  1.0042765E+00
   sr86     86   2.2570974E-09  2.6102036E-09  3.5310621E-10  1.4341779E-09  1.9402781E-10  8.6873907E-01
   sr87     87   1.3417100E-09  1.5858841E-09  2.4417410E-10  8.7136492E-10  1.3417085E-10  8.1254190E-01
   sr88     88   4.7966907E-08  5.1970552E-08  4.0036467E-09  2.8555249E-08  2.1999580E-09  1.1132716E+00
   sr89     89   0.0000000E+00  0.0000000E+00  0.0000000E+00  0.0000000E+00  0.0000000E+00  0.0000000E+00
   sr90     90   7.8747908E-13  7.8747908E-13  0.0000000E+00  4.3268083E-13  0.0000000E+00  0.0000000E+00
    y89     89   1.5452693E-08  1.6601170E-08  1.1484773E-09  9.1215222E-09  6.3107508E-10  1.1599863E+00
    y90     90   1.9914739E-16  1.9914739E-16  0.0000000E+00  1.0942164E-16  0.0000000E+00  0.0000000E+00
    y91     91   0.0000000E+00  0.0000000E+00  0.0000000E+00  0.0000000E+00  0.0000000E+00  0.0000000E+00
   zr90     90   1.5759882E-08  1.6987979E-08  1.2280967E-09  9.3340544E-09  6.7482503E-10  1.1408792E+00
   zr91     91   5.1311968E-09  5.3539373E-09  2.2274051E-10  2.9417240E-09  1.2239335E-10  1.3808441E+00
   zr92     92   1.0115619E-08  1.0588984E-08  4.7336574E-10  5.8181233E-09  2.6010902E-10  1.3496275E+00
   zr93     93   2.6984395E-09  2.6984395E-09  0.0000000E+00  1.4826591E-09  0.0000000E+00  0.0000000E+00
   zr94     94   1.1339744E-08  1.1726245E-08  3.8650075E-10  6.4429919E-09  2.1237773E-10  1.4819787E+00
   zr95     95   0.0000000E+00  0.0000000E+00  0.0000000E+00  0.0000000E+00  0.0000000E+00  0.0000000E+00
   zr96     96   4.9769588E-09  5.1176632E-09  1.4070435E-10  2.8119029E-09  7.7315425E-11  1.5607342E+00
   nb93     93   4.1955459E-10  6.2393435E-10  2.0437976E-10  3.4282108E-10  1.1230433E-10  4.8467106E-01
   nb94     94   7.0598259E-16  7.0598259E-16  0.0000000E+00  3.8790252E-16  0.0000000E+00  0.0000000E+00
   nb95     95   0.0000000E+00  0.0000000E+00  0.0000000E+00  0.0000000E+00  0.0000000E+00  0.0000000E+00
   mo94     94  -3.4467706E-12  7.3497541E-11  7.6944312E-11  4.0383266E-11  4.2280013E-11 -1.9933674E-02
   mo95     95   1.4570313E-09  1.5908133E-09  1.3378200E-10  8.7407326E-10  7.3511669E-11  1.0751915E+00
   mo96     96   2.3753799E-09  2.4640723E-09  8.8692373E-11  1.3538859E-09  4.8735443E-11  1.4437371E+00
   mo97     97   8.0693324E-10  8.7759455E-10  7.0661317E-11  4.8219484E-10  3.8827584E-11  1.0940821E+00
   mo98     98   2.1736477E-09  2.3161473E-09  1.4249954E-10  1.2726085E-09  7.8301865E-11  1.2109227E+00
   tc99     99   1.0440930E-10  1.0440930E-10  0.0000000E+00  5.7367749E-11  0.0000000E+00  0.0000000E+00
   ru99     99   1.6323545E-10  1.7267068E-10  9.4352278E-12  9.4874004E-11  5.1845494E-12  1.2624363E+00
  ru100    100   9.7970665E-10  1.0267751E-09  4.7068453E-11  5.6416216E-10  2.5863572E-11  1.3387154E+00
  ru101    101   2.0363258E-10  3.4471143E-10  1.4107884E-10  1.8940188E-10  7.7521205E-11  3.8796377E-01
  ru102    102   1.4106094E-09  1.6253374E-09  2.1472803E-10  8.9304258E-10  1.1799059E-10  8.7902480E-01
  rh103    103   2.3317459E-10  3.8962181E-10  1.5644720E-10  2.1407792E-10  8.5965943E-11  3.9624548E-01
  pd104    104   8.1617524E-10  8.4955071E-10  3.3375469E-11  4.6678611E-10  1.8339436E-11  1.4057319E+00
  pd105    105   2.0203153E-10  3.4819317E-10  1.4616164E-10  1.9131494E-10  8.0314137E-11  3.7695688E-01
  pd106    106   9.9757869E-10  1.1358761E-09  1.3829743E-10  6.2410777E-10  7.5992844E-11  9.1448689E-01
  pd107    107   1.9229413E-10  1.9229413E-10  0.0000000E+00  1.0565612E-10  0.0000000E+00  0.0000000E+00
  pd108    108   1.3508785E-09  1.4748597E-09  1.2398116E-10  8.1036250E-10  6.8126227E-11  1.0753649E+00
  ag107    107   1.2187473E-12  1.3822890E-10  1.3701015E-10  7.5949948E-11  7.5285500E-11  3.8161201E-03
  ag108    108   0.0000000E+00  0.0000000E+00  0.0000000E+00  0.0000000E+00  0.0000000E+00  0.0000000E+00
  ag109    109   3.3798861E-10  4.5487314E-10  1.1688453E-10  2.4993030E-10  6.4226707E-11  5.9010327E-01
  cd108    108   4.7958626E-14  4.7958626E-14  0.0000000E+00  2.6350895E-14  0.0000000E+00  0.0000000E+00
  cd109    109   6.2192731E-38  6.2192731E-38  0.0000000E+00  3.4171832E-38  0.0000000E+00  0.0000000E+00
  cd110    110   1.2324459E-09  1.2705297E-09  3.8083731E-11  6.9809325E-10  2.0926573E-11  1.5232153E+00
  cd111    111   4.0864340E-10  5.0718996E-10  9.8546567E-11  2.7867580E-10  5.4150205E-11  7.1149915E-01
  cd112    112   1.6473909E-09  1.7977706E-09  1.5037968E-10  9.8778608E-10  8.2631908E-11  1.0775151E+00
  cd113    113   4.8717352E-10  5.7709765E-10  8.9924096E-11  3.1708663E-10  4.9412256E-11  8.0734324E-01
  cd114    114   2.5513736E-09  2.6929836E-09  1.4161015E-10  1.4796614E-09  7.7813152E-11  1.2791094E+00
  in115    115   4.9034343E-10  5.7107608E-10  8.0732622E-11  3.1377809E-10  4.4361650E-11  8.4961492E-01
  sn116    116   3.8002330E-09  3.9155248E-09  1.1529169E-10  2.1513873E-09  6.3351456E-11  1.5309620E+00
  sn117    117   1.1060647E-09  1.2124550E-09  1.0639033E-10  6.6618411E-10  5.8460264E-11  1.0567335E+00
  sn118    118   5.7371654E-09  5.9781886E-09  2.4102317E-10  3.2847192E-09  1.3243945E-10  1.3944809E+00
  sn119    119   1.6641946E-09  1.7378593E-09  7.3664748E-11  9.5486774E-10  4.0477934E-11  1.3727249E+00
  sn120    120   9.5997512E-09  9.9019921E-09  3.0224129E-10  5.4406550E-09  1.6607810E-10  1.5153388E+00
  sb121    121   6.8176159E-10  7.5962414E-10  7.7862543E-11  4.1737591E-10  4.2784571E-11  9.8924017E-01
  te122    122   1.1922296E-09  1.2237902E-09  3.1560504E-11  6.7241224E-10  1.7342135E-11  1.5885330E+00
  te123    123   4.3775150E-10  4.4899545E-10  1.1243948E-11  2.4670080E-10  6.1784198E-12  1.6012931E+00
  te124    124   2.2949340E-09  2.3547455E-09  5.9811482E-11  1.2938163E-09  3.2865721E-11  1.5951295E+00
  te125    125   7.6289253E-10  9.4734343E-10  1.8445093E-10  5.2051841E-10  1.0135367E-10  7.1059662E-01
  te126    126   4.4057056E-09  4.8391628E-09  4.3345708E-10  2.6588809E-09  2.3817967E-10  1.0477942E+00
   i127    127   5.5713317E-10  1.0975110E-09  5.4037780E-10  6.0302802E-10  2.9693137E-10  3.0768141E-01
  xe128    128   1.4118673E-09  1.4432351E-09  3.1367808E-11  7.9298634E-10  1.7236249E-11  1.6628230E+00
  xe129    129   5.1495008E-10  1.3130077E-09  7.9805762E-10  7.2143280E-10  4.3852350E-10  2.1620303E-01
  xe130    130   2.8790939E-09  2.9294112E-09  5.0317309E-11  1.6095666E-09  2.7648783E-11  1.7650330E+00
  xe131    131   1.0799439E-09  1.7126816E-09  6.3273764E-10  9.4103381E-10  3.4768205E-10  4.3242297E-01
  xe132    132   5.9204539E-09  6.5642198E-09  6.4376582E-10  3.6067143E-09  3.5374192E-10  1.0084252E+00
  xe133    133   0.0000000E+00  0.0000000E+00  0.0000000E+00  0.0000000E+00  0.0000000E+00  0.0000000E+00
  xe134    134   2.0666682E-09  2.3606144E-09  2.9394617E-10  1.2970409E-09  1.6152003E-10  9.0472728E-01
  cs133    133   7.9317219E-10  1.0123412E-09  2.1916900E-10  5.5623145E-10  1.2043085E-10  6.6451776E-01
  cs134    134   3.9484597E-28  3.9484597E-28  0.0000000E+00  2.1694835E-28  0.0000000E+00  0.0000000E+00
  cs135    135   2.1301680E-09  2.1301680E-09  0.0000000E+00  1.1704221E-09  0.0000000E+00  0.0000000E+00
  cs136    136   0.0000000E+00  0.0000000E+00  0.0000000E+00  0.0000000E+00  0.0000000E+00  0.0000000E+00
  cs137    137   2.1481200E-12  2.1481200E-12  0.0000000E+00  1.1802858E-12  0.0000000E+00  0.0000000E+00
  ba134    134   8.0052809E-10  8.4692098E-10  4.6392907E-11  4.6534121E-10  2.5492370E-11  1.2613614E+00
  ba135    135   3.1528025E-10  5.2968369E-10  2.1440344E-10  2.9103500E-10  1.1781222E-10  3.9275488E-01
  ba136    136   5.3651981E-09  5.4974567E-09  1.3225875E-10  3.0205807E-09  7.2674665E-11  1.6187074E+00
  ba137    137   6.8664319E-09  7.1549660E-09  2.8853386E-10  3.9313002E-09  1.5854604E-10  1.3943808E+00
  ba138    138   7.4920131E-08  7.6023596E-08  1.1034624E-09  4.1771209E-08  6.0633992E-10  1.8381609E+00
  la139    139   9.0744292E-09  9.2402388E-09  1.6580931E-10  5.0770543E-09  9.1110314E-11  1.7460443E+00
  ce140    140   2.7790128E-08  2.8094433E-08  3.0430514E-10  1.5436502E-08  1.6721216E-10  1.9652810E+00
  ce141    141   0.0000000E+00  0.0000000E+00  0.0000000E+00  0.0000000E+00  0.0000000E+00  0.0000000E+00
  ce142    142   2.4948470E-09  2.5746294E-09  7.9782361E-11  1.4146316E-09  4.3839488E-11  1.5087779E+00
  pr141    141   2.8749743E-09  2.9531273E-09  7.8152970E-11  1.6225975E-09  4.2944162E-11  1.5773066E+00
  nd142    142   6.4844570E-09  6.5471513E-09  6.2694440E-11  3.5973360E-09  3.4449877E-11  2.0187933E+00
  nd143    143   1.1445571E-09  1.2002601E-09  5.5702987E-11  6.5948358E-10  3.0608151E-11  1.3333669E+00
  nd144    144   3.5432439E-09  3.6387844E-09  9.5540471E-11  1.9993323E-09  5.2498391E-11  1.5807390E+00
  nd145    145   6.5355266E-10  6.9390527E-10  4.0352617E-11  3.8126666E-10  2.2173300E-11  1.2353985E+00
  nd146    146   3.2207961E-09  3.2844407E-09  6.3644728E-11  1.8046378E-09  3.4972050E-11  1.7126689E+00
  nd147    147   0.0000000E+00  0.0000000E+00  0.0000000E+00  0.0000000E+00  0.0000000E+00  0.0000000E+00
  nd148    148   5.4281257E-10  5.7577926E-10  3.2966699E-11  3.1636224E-10  1.8114820E-11  1.2421507E+00
  pm147    147   2.6298244E-26  2.6298244E-26  0.0000000E+00  1.4449585E-26  0.0000000E+00  0.0000000E+00
  pm148    148   0.0000000E+00  0.0000000E+00  0.0000000E+00  0.0000000E+00  0.0000000E+00  0.0000000E+00
  sm147    147   3.6766781E-10  3.9078923E-10  2.3121420E-11  2.1471937E-10  1.2704954E-11  1.2278981E+00
  sm148    148   7.9488366E-10  8.0582230E-10  1.0938620E-11  4.4275952E-10  6.0106460E-12  1.8672467E+00
  sm149    149   1.4581299E-10  1.6982848E-10  2.4015503E-11  9.3312358E-11  1.3196243E-11  8.4948885E-01
  sm150    150   7.0701817E-10  7.1343664E-10  6.4184504E-12  3.9199816E-10  3.5268646E-12  2.0458953E+00
  sm151    151   1.2676770E-12  1.2676770E-12  0.0000000E+00  6.9652590E-13  0.0000000E+00  0.0000000E+00
  sm152    152   6.4053068E-10  6.8521044E-10  4.4679756E-11  3.7648926E-10  2.4551014E-11  1.1856833E+00
  eu151    151   1.0162059E-10  1.3260629E-10  3.0985700E-11  7.2860599E-11  1.7026287E-11  6.3137281E-01
  eu152    152   1.4109819E-18  1.4109819E-18  0.0000000E+00  7.7526484E-19  0.0000000E+00  0.0000000E+00
  eu153    153   1.1857688E-10  1.5535001E-10  3.6773123E-11  8.5357152E-11  2.0206409E-11  6.2575078E-01
  eu154    154   9.6964117E-19  9.6964117E-19  0.0000000E+00  5.3276992E-19  0.0000000E+00  0.0000000E+00
  eu155    155   1.6613936E-22  1.6613936E-22  0.0000000E+00  9.1285362E-23  0.0000000E+00  0.0000000E+00
  gd152    152   2.6388418E-13  5.5952693E-13  2.9564274E-13  3.0743238E-13  1.6245227E-13  2.7702385E-01
  gd153    153   0.0000000E+00  0.0000000E+00  0.0000000E+00  0.0000000E+00  0.0000000E+00  0.0000000E+00
  gd154    154   8.4517567E-11  8.7213334E-11  2.6957668E-12  4.7919415E-11  1.4812928E-12  1.5098705E+00
  gd155    155   1.8679884E-10  2.2177896E-10  3.4980113E-11  1.2185658E-10  1.9221170E-11  8.0206919E-01
  gd156    156   5.0772375E-10  5.5419253E-10  4.6468801E-11  3.0450140E-10  2.5534073E-11  1.0764692E+00
  gd157    157   2.3334659E-10  2.7107253E-10  3.7725940E-11  1.4894096E-10  2.0729972E-11  8.5641545E-01
  gd158    158   9.6908037E-10  1.0221491E-09  5.3068761E-11  5.6162042E-10  2.9160674E-11  1.2846453E+00
  tb159    159   2.1049809E-10  2.5834379E-10  4.7845696E-11  1.4194715E-10  2.6290659E-11  7.3232520E-01
  dy160    160   3.5262374E-10  3.5542452E-10  2.8007967E-12  1.9528820E-10  1.5390056E-12  2.1034358E+00
  dy161    161   1.5376714E-10  2.1401449E-10  6.0247349E-11  1.1759038E-10  3.3105223E-11  5.5047524E-01
  dy162    162   6.7317568E-10  7.5815376E-10  8.4978087E-11  4.1656803E-10  4.6694482E-11  9.5042038E-01
  dy163    163   2.8028097E-10  3.5529379E-10  7.5012836E-11  1.9521637E-10  4.1218688E-11  6.7542207E-01
  dy164    164   1.3333822E-09  1.4120369E-09  7.8654798E-11  7.7584450E-10  4.3219907E-11  1.2540909E+00
  ho165    165   2.4463176E-10  3.1346595E-10  6.8834202E-11  1.7223405E-10  3.7823602E-11  6.5835613E-01
  er166    166   5.5690241E-10  6.1916883E-10  6.2266421E-11  3.4020267E-10  3.4214680E-11  9.9752522E-01
  er167    167   2.2226707E-10  2.6713431E-10  4.4867256E-11  1.4677710E-10  2.4654039E-11  7.7477020E-01
  er168    168   8.6507912E-10  9.1019059E-10  4.5111460E-11  5.0010474E-10  2.4788229E-11  1.3048154E+00
  er169    169   0.0000000E+00  0.0000000E+00  0.0000000E+00  0.0000000E+00  0.0000000E+00  0.0000000E+00
  er170    170   3.6033213E-10  3.9139253E-10  3.1060408E-11  2.1505085E-10  1.7067337E-11  1.1003754E+00
  tm169    169   2.0947397E-10  2.3704183E-10  2.7567863E-11  1.3024277E-10  1.5148223E-11  9.3439198E-01
  tm170    170  -7.9845986E-42 -7.9845986E-42  0.0000000E+00 -4.3874655E-42  0.0000000E+00  0.0000000E+00
  tm171    171   8.6960504E-29  8.6960504E-29  0.0000000E+00  4.7780498E-29  0.0000000E+00  0.0000000E+00
  yb170    170   2.9745409E-10  2.9943797E-10  1.9838874E-12  1.6452636E-10  1.0901233E-12  2.1787598E+00
  yb171    171   3.9638695E-10  4.2194506E-10  2.5558108E-11  2.3183795E-10  1.4043888E-11  1.2176973E+00
  yb172    172   1.1581482E-09  1.1944230E-09  3.6274775E-11  6.5627642E-10  1.9932573E-11  1.5175234E+00
  yb173    173   5.1940585E-10  5.4829907E-10  2.8893204E-11  3.0126324E-10  1.5876484E-11  1.2781918E+00
  yb174    174   2.3227782E-09  2.3677686E-09  4.4990359E-11  1.3009719E-09  2.4721685E-11  1.7211899E+00
  lu175    175   3.0035197E-10  3.2889858E-10  2.8546603E-11  1.8071351E-10  1.5686031E-11  1.0614775E+00
  lu176    176   2.2522195E-10  2.2590660E-10  6.8464635E-13  1.2412452E-10  3.7620528E-13  2.5184326E+00
  lu177    177   0.0000000E+00  0.0000000E+00  0.0000000E+00  0.0000000E+00  0.0000000E+00  0.0000000E+00
  hf176    176  -1.2506055E-13  2.6134928E-12  2.7385533E-12  1.4359851E-12  1.5048036E-12 -2.0329867E-02
  hf177    177   2.4117675E-10  2.6365193E-10  2.2475202E-11  1.4486370E-10  1.2349865E-11  1.0692973E+00
  hf178    178   1.1332063E-09  1.1596085E-09  2.6402196E-11  6.3714756E-10  1.4507704E-11  1.6426413E+00
  hf179    179   3.9198983E-10  4.0754472E-10  1.5554889E-11  2.2392568E-10  8.5472324E-12  1.4182785E+00
  hf180    180   2.1960331E-09  2.2258746E-09  2.9841494E-11  1.2230080E-09  1.6397557E-11  1.8726501E+00
  ta181    181   4.3481380E-10  4.4982995E-10  1.5016158E-11  2.4715932E-10  8.2512061E-12  1.4764595E+00
  ta182    182  -5.4440445E-42 -5.4440445E-42  0.0000000E+00 -2.9917722E-42  0.0000000E+00  0.0000000E+00
  ta183    183   0.0000000E+00  0.0000000E+00  0.0000000E+00  0.0000000E+00  0.0000000E+00  0.0000000E+00
   w182    182   6.7144040E-10  6.9060613E-10  1.9165719E-11  3.7945394E-10  1.0531343E-11  1.5566753E+00
   w183    183   4.6940962E-10  4.8029525E-10  1.0885644E-11  2.6389849E-10  5.9815360E-12  1.6446242E+00
   w184    184   1.4284810E-09  1.4505457E-09  2.2064725E-11  7.9700313E-10  1.2124314E-11  1.8178029E+00
   w185    185   0.0000000E+00  0.0000000E+00  0.0000000E+00  0.0000000E+00  0.0000000E+00  0.0000000E+00
   w186    186   1.2417348E-09  1.2720758E-09  3.0340962E-11  6.9894274E-10  1.6672009E-11  1.6224537E+00
  re185    185   2.6398231E-10  2.7807545E-10  1.4093135E-11  1.5278871E-10  7.7440155E-12  1.2951250E+00
  re186    186   0.0000000E+00  0.0000000E+00  0.0000000E+00  0.0000000E+00  0.0000000E+00  0.0000000E+00
  re187    187   2.0885982E-10  2.3937241E-10  3.0512589E-11  1.3152331E-10  1.6766318E-11  8.9456505E-01
  os186    186   5.3680599E-10  5.4114713E-10  4.3411446E-12  2.9733360E-10  2.3854091E-12  2.0956812E+00
  os187    187   1.5589952E-10  1.5808180E-10  2.1822763E-12  8.6858132E-11  1.1991356E-12  1.8599422E+00
  os188    188   1.0320022E-09  1.1104143E-09  7.8412159E-11  6.1011779E-10  4.3086579E-11  1.1510717E+00
  os189    189   2.7229002E-10  3.7625369E-10  1.0396366E-10  2.0673281E-10  5.7126835E-11  5.5856931E-01
  os190    190   1.3200685E-09  1.4837758E-09  1.6370728E-10  8.1526141E-10  8.9955272E-11  9.5727026E-01
  os191    191   0.0000000E+00  0.0000000E+00  0.0000000E+00  0.0000000E+00  0.0000000E+00  0.0000000E+00
  os192    192   3.5720510E-10  6.3242178E-10  2.7521668E-10  3.4748451E-10  1.5122840E-10  3.6130211E-01
  ir191    191   2.7525138E-10  5.0199855E-10  2.2674718E-10  2.7582339E-10  1.2459497E-10  3.4513056E-01
  ir192    192  -1.4011583E-41 -1.4011583E-41  0.0000000E+00 -7.6987338E-42  0.0000000E+00  0.0000000E+00
  ir193    193   3.2730416E-10  7.1351136E-10  3.8620721E-10  3.9203923E-10  2.1221642E-10  2.6655054E-01
  pt192    192   4.0786399E-10  4.1159842E-10  3.7344342E-12  2.2615299E-10  2.0520287E-12  2.0422189E+00
  pt193    193   2.7740435E-13  2.7740435E-13  0.0000000E+00  1.5241997E-13  0.0000000E+00  0.0000000E+00
  pt194    194   1.1880046E-09  1.6040707E-09  4.1606604E-10  8.8135754E-10  2.2862351E-10  5.8603126E-01
  pt195    195   4.7315452E-10  9.1081354E-10  4.3765905E-10  5.0044702E-10  2.4048863E-10  3.1826353E-01
  pt196    196   2.0729911E-09  2.3850972E-09  3.1210604E-10  1.3104930E-09  1.7149868E-10  8.8317394E-01
  au197    197   6.5903455E-10  8.3225815E-10  1.7322359E-10  4.5728471E-10  9.5184367E-11  6.8162107E-01
  hg198    198   2.3059818E-09  2.3194606E-09  1.3478794E-11  1.2744290E-09  7.4064426E-12  2.2357061E+00
  hg199    199   1.0023248E-09  1.0503240E-09  4.7999320E-11  5.7710114E-10  2.6375074E-11  1.3400582E+00
  hg200    200   3.3511600E-09  3.4003143E-09  4.9154160E-11  1.8683046E-09  2.7009645E-11  1.8399289E+00
  hg201    201   1.3698569E-09  1.4041899E-09  3.4333023E-11  7.7153295E-10  1.8865602E-11  1.6116838E+00
  hg202    202   5.4463420E-09  5.5030389E-09  5.6696977E-11  3.0236478E-09  3.1154336E-11  1.9870127E+00
  tl203    203   2.8024043E-09  2.8334597E-09  3.1055443E-11  1.5568460E-09  1.7064608E-11  1.9601493E+00
  tl204    204   5.4474664E-23  5.4474664E-23  0.0000000E+00  2.9931134E-23  0.0000000E+00  0.0000000E+00
  tl205    205   5.4010396E-09  5.4724243E-09  7.1384634E-11  3.0068266E-09  3.9225036E-11  1.8845450E+00
  pb204    204   2.1742672E-09  2.1968836E-09  2.2616334E-11  1.2070789E-09  1.2427416E-11  1.9873548E+00
  pb205    205   5.2683258E-10  5.2683258E-10  0.0000000E+00  2.8946845E-10  0.0000000E+00  0.0000000E+00
  pb206    206   2.5184224E-08  2.5539279E-08  3.5505379E-10  1.4032572E-08  1.9509798E-10  1.8568845E+00
  pb207    207   4.5192159E-08  4.5601332E-08  4.0917394E-10  2.5055678E-08  2.2483639E-10  2.0470395E+00
  pb208    208   5.9072187E-07  5.9148419E-07  7.6233780E-10  3.2499133E-07  4.1889586E-10  2.8897657E+00
  bi209    209   1.2573147E-08  1.2688838E-08  1.1569162E-10  6.9718893E-09  6.3571218E-11  2.0400901E+00
  bi210    210   0.0000000E+00  0.0000000E+00  0.0000000E+00  0.0000000E+00  0.0000000E+00  0.0000000E+00
  po210    210   3.8363368E-08  3.8363368E-08  0.0000000E+00  2.1078774E-08  0.0000000E+00  0.0000000E+00
