# Minitial =  3.50 msun, Z = 0.0016, Mfinal = 0.844 msun, no c13 pocket
  species    A      yield       mass(i)_lost    mass(i)_0        <X(i)>          X0(i)   log10(<X(i)>/X0(i)) 
      n      1   0.0000000E+00  0.0000000E+00  0.0000000E+00  0.0000000E+00  0.0000000E+00  0.0000000E+00
      p      1  -7.2588444E-02  1.9688022E+00  2.0413907E+00  7.4126583E-01  7.6864678E-01 -1.5752841E-02
      d      2   1.7541602E-17  1.7541602E-17  0.0000000E+00  6.6045185E-18  0.0000000E+00  0.0000000E+00
    he3      3   2.3930660E-04  2.3930997E-04  3.3784140E-09  9.0101639E-05  1.2720773E-09  4.8502192E+00
    he4      4   5.8857858E-02  6.6893780E-01  6.1007994E-01  2.5185910E-01  2.2971398E-01  3.9970215E-02
    li7      7   3.4337564E-08  3.6136534E-08  1.7989709E-09  1.3605622E-08  6.7736822E-10  1.3028935E+00
    be7      7   5.6478683E-10  5.6478683E-10  0.0000000E+00  2.1264564E-10  0.0000000E+00  0.0000000E+00
     b8      8   1.4977281E-24  1.4977281E-24  0.0000000E+00  5.6390361E-25  0.0000000E+00  0.0000000E+00
    c12     12   1.2662437E-02  1.3224911E-02  5.6247402E-04  4.9792584E-03  2.1178889E-04  1.3712615E+00
    c13     13   5.9057224E-05  5.9058468E-05  1.2436919E-09  2.2235869E-05  4.6828852E-10  4.6765404E+00
    c14     14   9.1369854E-09  9.1369854E-09  0.0000000E+00  3.4401300E-09  0.0000000E+00  0.0000000E+00
    n13     13   0.0000000E+00  0.0000000E+00  0.0000000E+00  0.0000000E+00  0.0000000E+00  0.0000000E+00
    n14     14   3.2092477E-04  3.2131036E-04  3.8559600E-07  1.2097528E-04  1.4518884E-07  2.9207635E+00
    n15     15   7.2365376E-09  7.2491151E-09  1.2577420E-11  2.7293354E-09  4.7357882E-12  2.7606647E+00
    o14     14   0.0000000E+00  0.0000000E+00  0.0000000E+00  0.0000000E+00  0.0000000E+00  0.0000000E+00
    o15     15   0.0000000E+00  0.0000000E+00  0.0000000E+00  0.0000000E+00  0.0000000E+00  0.0000000E+00
    o16     16   1.2293225E-04  2.9093376E-03  2.7864054E-03  1.0953831E-03  1.0491678E-03  1.8721042E-02
    o17     17   6.7794426E-06  6.7795945E-06  1.5207112E-10  2.5525580E-06  5.7259482E-11  4.6491284E+00
    o18     18   1.6552296E-09  1.9333273E-09  2.7809763E-10  7.2790934E-10  1.0471237E-10  8.4207928E-01
    o19     19   0.0000000E+00  0.0000000E+00  0.0000000E+00  0.0000000E+00  0.0000000E+00  0.0000000E+00
    f17     17   0.0000000E+00  0.0000000E+00  0.0000000E+00  0.0000000E+00  0.0000000E+00  0.0000000E+00
    f18     18   0.0000000E+00  0.0000000E+00  0.0000000E+00  0.0000000E+00  0.0000000E+00  0.0000000E+00
    f19     19   2.6315286E-07  2.6316405E-07  1.1202947E-11  9.9082847E-08  4.2182564E-12  4.3708653E+00
    f20     20   0.0000000E+00  0.0000000E+00  0.0000000E+00  0.0000000E+00  0.0000000E+00  0.0000000E+00
   ne19     19   0.0000000E+00  0.0000000E+00  0.0000000E+00  0.0000000E+00  0.0000000E+00  0.0000000E+00
   ne20     20   1.2106611E-06  2.5352929E-04  2.5231863E-04  9.5455296E-05  9.5005780E-05  2.0499823E-03
   ne21     21   5.8970681E-07  6.1943524E-07  2.9728451E-08  2.3322109E-07  1.1193682E-08  1.3187948E+00
   ne22     22   2.6067058E-04  2.6069675E-04  2.6159867E-08  9.8153891E-05  9.8499990E-09  3.9984713E+00
   ne23     23   0.0000000E+00  0.0000000E+00  0.0000000E+00  0.0000000E+00  0.0000000E+00  0.0000000E+00
   na21     21   0.0000000E+00  0.0000000E+00  0.0000000E+00  0.0000000E+00  0.0000000E+00  0.0000000E+00
   na22     22   7.4874485E-15  7.4874485E-15  0.0000000E+00  2.8190694E-15  0.0000000E+00  0.0000000E+00
   na23     23   3.2758157E-06  4.5424076E-06  1.2665918E-06  1.7102437E-06  4.7691100E-07  5.5462068E-01
   na24     24   0.0000000E+00  0.0000000E+00  0.0000000E+00  0.0000000E+00  0.0000000E+00  0.0000000E+00
   mg23     23   0.0000000E+00  0.0000000E+00  0.0000000E+00  0.0000000E+00  0.0000000E+00  0.0000000E+00
   mg24     24  -2.3568136E-06  1.4593644E-04  1.4829326E-04  5.4945947E-05  5.5836997E-05 -6.9863964E-03
   mg25     25   1.6622618E-05  1.6735432E-05  1.1281301E-07  6.3009907E-06  4.2477584E-08  2.1712489E+00
   mg26     26   3.3444434E-05  3.3553195E-05  1.0876262E-07  1.2632980E-05  4.0952493E-08  2.4892254E+00
   mg27     27   0.0000000E+00  0.0000000E+00  0.0000000E+00  0.0000000E+00  0.0000000E+00  0.0000000E+00
   al25     25   0.0000000E+00  0.0000000E+00  0.0000000E+00  0.0000000E+00  0.0000000E+00  0.0000000E+00
   al-6     26   5.5877125E-09  5.5877125E-09  0.0000000E+00  2.1038074E-09  0.0000000E+00  0.0000000E+00
   al*6     26   0.0000000E+00  0.0000000E+00  0.0000000E+00  0.0000000E+00  0.0000000E+00  0.0000000E+00
   al27     27   1.6825352E-06  3.0077658E-06  1.3252306E-06  1.1324419E-06  4.9899035E-07  3.5592374E-01
   al28     28   0.0000000E+00  0.0000000E+00  0.0000000E+00  0.0000000E+00  0.0000000E+00  0.0000000E+00
   si27     27   0.0000000E+00  0.0000000E+00  0.0000000E+00  0.0000000E+00  0.0000000E+00  0.0000000E+00
   si28     28   1.4030084E-06  3.2357089E-04  3.2216788E-04  1.2182638E-04  1.2130618E-04  1.8584101E-03
   si29     29   8.3034695E-07  1.0257558E-06  1.9540883E-07  3.8620320E-07  7.3577475E-08  7.2007096E-01
   si30     30   1.1756940E-06  1.2857315E-06  1.1003749E-07  4.8408566E-07  4.1432521E-08  1.0675808E+00
   si31     31   0.0000000E+00  0.0000000E+00  0.0000000E+00  0.0000000E+00  0.0000000E+00  0.0000000E+00
   si32     32   2.2860255E-12  2.2860255E-12  0.0000000E+00  8.6070235E-13  0.0000000E+00  0.0000000E+00
   si33     33   0.0000000E+00  0.0000000E+00  0.0000000E+00  0.0000000E+00  0.0000000E+00  0.0000000E+00
    p29     29   0.0000000E+00  0.0000000E+00  0.0000000E+00  0.0000000E+00  0.0000000E+00  0.0000000E+00
    p30     30   0.0000000E+00  0.0000000E+00  0.0000000E+00  0.0000000E+00  0.0000000E+00  0.0000000E+00
    p31     31   2.3936653E-07  2.8638672E-07  4.7020190E-08  1.0782632E-07  1.7704558E-08  7.8463972E-01
    p32     32   5.8357844E-16  5.8357844E-16  0.0000000E+00  2.1972078E-16  0.0000000E+00  0.0000000E+00
    p33     33   6.5685560E-28  6.5685560E-28  0.0000000E+00  2.4731008E-28  0.0000000E+00  0.0000000E+00
    p34     34   0.0000000E+00  0.0000000E+00  0.0000000E+00  0.0000000E+00  0.0000000E+00  0.0000000E+00
    s32     32  -7.6764263E-07  1.2114422E-04  1.2191186E-04  4.5611527E-05  4.5903591E-05 -2.7720518E-03
    s33     33   3.1709639E-08  7.6252114E-08  4.4542475E-08  2.8709378E-08  1.6771621E-08  2.3344876E-01
    s34     34   2.6117348E-08  2.3200937E-07  2.0589202E-07  8.7352923E-08  7.7524717E-08  5.1837262E-02
    s35     35   1.7859294E-08  1.7859294E-08  0.0000000E+00  6.7241315E-09  0.0000000E+00  0.0000000E+00
   fe54     54  -7.3331421E-09  4.0142305E-07  4.0875619E-07  1.5113820E-07  1.5390937E-07 -7.8908354E-03
   fe55     55   3.6990760E-10  3.6990760E-10  0.0000000E+00  1.3927244E-10  0.0000000E+00  0.0000000E+00
   fe56     56  -2.0277657E-06  1.4368811E-04  1.4571588E-04  5.4099437E-05  5.4866541E-05 -6.1148410E-03
   fe57     57   1.8240667E-07  1.4619650E-06  1.2795583E-06  5.5043859E-07  4.8179334E-07  5.7848066E-02
   fe58     58   6.9342690E-07  6.9342701E-07  8.6944225E-14  2.6107944E-07  3.2737190E-14  6.9017315E+00
   fe59     59   3.8402047E-29  3.8402047E-29  0.0000000E+00  1.4458602E-29  0.0000000E+00  0.0000000E+00
   fe60     60   3.6046038E-07  3.6046038E-07  0.0000000E+00  1.3571550E-07  0.0000000E+00  0.0000000E+00
   co59     59   2.4720282E-07  6.4693688E-07  3.9973406E-07  2.4357561E-07  1.5051225E-07  2.0906197E-01
   co60     60   1.2308897E-12  1.2308897E-12  0.0000000E+00  4.6343739E-13  0.0000000E+00  0.0000000E+00
   ni58     58  -1.4520083E-07  7.8675639E-06  8.0127647E-06  2.9621851E-06  3.0170536E-06 -7.9708202E-03
   ni59     59   1.1156295E-09  1.1156295E-09  0.0000000E+00  4.2004120E-10  0.0000000E+00  0.0000000E+00
   ni60     60   1.2425608E-07  1.3113912E-07  6.8830404E-09  4.9374666E-08  2.5916778E-09  1.2799232E+00
   ni61     61   9.2949996E-08  9.2960953E-08  1.0955624E-11  3.5000358E-08  4.1251317E-12  3.9286346E+00
   ni62     62   2.7800235E-07  2.7800235E-07  9.5971975E-15  1.0466955E-07  3.6136420E-15  7.4618754E+00
   ni63     63   4.3274943E-11  4.3274943E-11  0.0000000E+00  1.6293276E-11  0.0000000E+00  0.0000000E+00
   ni64     64   1.3595178E-07  1.3595179E-07  1.5915517E-14  5.1186667E-08  5.9926844E-15  6.9315352E+00
   cu63     63   8.2113452E-08  9.3533529E-08  1.1420075E-08  3.5215937E-08  4.3000115E-09  9.1326964E-01
   cu64     64   0.0000000E+00  0.0000000E+00  0.0000000E+00  0.0000000E+00  0.0000000E+00  0.0000000E+00
   cu65     65   2.4054010E-08  3.8027245E-08  1.3973234E-08  1.4317486E-08  5.2613554E-09  4.3476915E-01
   zn64     64  -3.6705075E-09  2.0360687E-07  2.0727738E-07  7.6659212E-08  7.8046348E-08 -7.7882255E-03
   zn65     65  -2.5000821E-23 -2.5000821E-23  0.0000000E+00 -9.4129597E-24  0.0000000E+00  0.0000000E+00
   zn66     66   2.2305139E-08  2.2311422E-08  6.2834512E-12  8.4003844E-09  2.3659139E-12  3.5503001E+00
   zn67     67   4.7983426E-09  4.7997881E-09  1.4456387E-12  1.8071491E-09  5.4432771E-13  3.5211337E+00
   zn68     68   2.7227664E-08  2.7496895E-08  2.6923089E-10  1.0352746E-08  1.0137376E-10  2.0091300E+00
   zn69     69   0.0000000E+00  0.0000000E+00  0.0000000E+00  0.0000000E+00  0.0000000E+00  0.0000000E+00
   zn70     70   2.3989588E-10  2.3989588E-10  0.0000000E+00  9.0322243E-11  0.0000000E+00  0.0000000E+00
   ga69     69   3.6175178E-09  1.1505341E-08  7.8878228E-09  4.3318300E-09  2.9700096E-09  1.6391353E-01
   ga70     70   0.0000000E+00  0.0000000E+00  0.0000000E+00  0.0000000E+00  0.0000000E+00  0.0000000E+00
   ga71     71   3.1521492E-09  7.6298621E-09  4.4777129E-09  2.8726890E-09  1.6859976E-09  2.3143166E-01
   ge70     70   5.4765383E-09  8.4568201E-09  2.9802816E-09  3.1840435E-09  1.1221682E-09  4.5292097E-01
   ge71     71   5.9057381E-36  5.9057381E-36  0.0000000E+00  2.2235458E-36  0.0000000E+00  0.0000000E+00
   ge72     72   4.9825619E-09  1.5913898E-08  1.0931336E-08  5.9916783E-09  4.1159862E-09  1.6307457E-01
   ge73     73   1.4435677E-09  5.1262568E-09  3.6826890E-09  1.9300666E-09  1.3866464E-09  1.4360657E-01
   ge74     74   6.0196932E-09  2.3727820E-08  1.7708127E-08  8.9336663E-09  6.6676575E-09  1.2705643E-01
   as75     75   5.2278071E-10  3.6828727E-09  3.1600920E-09  1.3866237E-09  1.1898724E-09  6.6458233E-02
   se76     76   1.9760582E-09  2.9804479E-09  1.0043897E-09  1.1221565E-09  3.7818382E-10  4.7235048E-01
   se77     77   7.4805095E-10  2.7839366E-09  2.0358857E-09  1.0481689E-09  7.6657397E-10  1.3587719E-01
   se78     78   4.7229052E-09  1.0371311E-08  5.6484057E-09  3.9048609E-09  2.1267994E-09  2.6387906E-01
   se79     79   9.6314667E-10  9.6314667E-10  0.0000000E+00  3.6263051E-10  0.0000000E+00  0.0000000E+00
   se80     80   5.2828124E-09  2.0833927E-08  1.5551114E-08  7.8440987E-09  5.8554761E-09  1.2698086E-01
   br79     79   1.0497397E-10  2.8615604E-10  1.8118207E-10  1.0773947E-10  6.8220651E-11  1.9845897E-01
   br80     80   0.0000000E+00  0.0000000E+00  0.0000000E+00  0.0000000E+00  0.0000000E+00  0.0000000E+00
   br81     81   6.4098149E-10  5.6506115E-09  5.0096300E-09  2.1274891E-09  1.8862807E-09  5.2261006E-02
   kr80     80  -4.5373427E-12  2.2729835E-10  2.3183569E-10  8.5579190E-11  8.7293311E-11 -8.6127929E-03
   kr81     81   2.6334795E-14  2.6334795E-14  0.0000000E+00  9.9152084E-15  0.0000000E+00  0.0000000E+00
   kr82     82   2.3873405E-09  3.8320125E-09  1.4446719E-09  1.4427757E-09  5.4396371E-10  4.2362887E-01
   kr83     83   7.8680240E-10  3.4744900E-09  2.6876876E-09  1.3081664E-09  1.0119976E-09  1.1148351E-01
   kr84     84   4.7121915E-09  1.8013804E-08  1.3301612E-08  6.7823054E-09  5.0084683E-09  1.3167241E-01
   kr-5     85   4.5211531E-15  4.5211531E-15  0.0000000E+00  1.7022414E-15  0.0000000E+00  0.0000000E+00
   kr*5     85   0.0000000E+00  0.0000000E+00  0.0000000E+00  0.0000000E+00  0.0000000E+00  0.0000000E+00
   kr86     86   7.2501263E-09  1.0134777E-08  2.8846503E-09  3.8158041E-09  1.0861602E-09  5.4569221E-01
   rb85     85   1.6170253E-09  3.4743204E-09  1.8572951E-09  1.3081025E-09  6.9932904E-10  2.7196023E-01
   rb86     86   1.4284048E-34  1.4284048E-34  0.0000000E+00  5.3780301E-35  0.0000000E+00  0.0000000E+00
   rb87     87   2.1804298E-09  2.7891858E-09  6.0875588E-10  1.0501452E-09  2.2921542E-10  6.6100550E-01
   sr86     86   7.9664159E-10  1.3119453E-09  5.1530374E-10  4.9395532E-10  1.9402781E-10  4.0582371E-01
   sr87     87   3.1839403E-10  6.7472827E-10  3.5633424E-10  2.5403923E-10  1.3417087E-10  2.7724257E-01
   sr88     88   3.3811700E-09  9.2238714E-09  5.8427014E-09  3.4728429E-09  2.1999580E-09  1.9827074E-01
   sr89     89   7.5624606E-31  7.5624606E-31  0.0000000E+00  2.8473118E-31  0.0000000E+00  0.0000000E+00
   sr90     90   2.5539134E-14  2.5539134E-14  0.0000000E+00  9.6156374E-15  0.0000000E+00  0.0000000E+00
    y89     89   7.3526674E-10  2.4112912E-09  1.6760244E-09  9.0786562E-10  6.3107508E-10  1.5794055E-01
    y90     90   6.4586498E-18  6.4586498E-18  0.0000000E+00  2.4317203E-18  0.0000000E+00  0.0000000E+00
    y91     91   2.1135088E-30  2.1135088E-30  0.0000000E+00  7.9574874E-31  0.0000000E+00  0.0000000E+00
   zr90     90   4.5317516E-10  2.2453919E-09  1.7922167E-09  8.4540352E-10  6.7482503E-10  9.7872853E-02
   zr91     91   1.2554638E-10  4.5060158E-10  3.2505520E-10  1.6965421E-10  1.2239335E-10  1.4180683E-01
   zr92     92   2.2272939E-10  9.1353325E-10  6.9080386E-10  3.4395076E-10  2.6010902E-10  1.2134087E-01
   zr93     93   7.0085299E-11  7.0085299E-11  0.0000000E+00  2.6387536E-11  0.0000000E+00  0.0000000E+00
   zr94     94   2.0112584E-10  7.6516371E-10  5.6403787E-10  2.8808872E-10  2.1237773E-10  1.3241729E-01
   zr95     95   7.6962997E-30  7.6962997E-30  0.0000000E+00  2.8977030E-30  0.0000000E+00  0.0000000E+00
   zr96     96   2.0771529E-10  4.1305148E-10  2.0533619E-10  1.5551636E-10  7.7315425E-11  3.0350992E-01
   nb93     93  -4.5803916E-12  2.9368016E-10  2.9826056E-10  1.1057234E-10  1.1230433E-10 -6.7499718E-03
   nb94     94   7.2461584E-17  7.2461584E-17  0.0000000E+00  2.7282222E-17  0.0000000E+00  0.0000000E+00
   nb95     95   9.2749258E-30  9.2749258E-30  0.0000000E+00  3.4920653E-30  0.0000000E+00  0.0000000E+00
   mo94     94  -2.1163973E-12  1.1017189E-10  1.1228828E-10  4.1480378E-11  4.2280013E-11 -8.2924133E-03
   mo95     95   2.2400803E-11  2.1763487E-10  1.9523407E-10  8.1940836E-11  7.3511669E-11  4.7144100E-02
   mo96     96   4.0244127E-11  1.6967690E-10  1.2943277E-10  6.3884370E-11  4.8735443E-11  1.1754969E-01
   mo97     97   1.6647454E-11  1.1976668E-10  1.0311923E-10  4.5092874E-11  3.8827584E-11  6.4967543E-02
   mo98     98   4.3785087E-11  2.5174107E-10  2.0795599E-10  9.4782023E-11  7.8301865E-11  8.2953848E-02
   tc99     99   5.0775456E-12  5.0775456E-12  0.0000000E+00  1.9117264E-12  0.0000000E+00  0.0000000E+00
   ru99     99   4.4811203E-13  1.4217364E-11  1.3769252E-11  5.3529230E-12  5.1845494E-12  1.3879993E-02
  ru100    100   1.7826435E-11  8.6515538E-11  6.8689103E-11  3.2573621E-11  2.5863572E-11  1.0017755E-01
  ru101    101  -1.1340928E-13  2.0576929E-10  2.0588270E-10  7.7473375E-11  7.7521205E-11 -2.6802835E-04
  ru102    102   1.6137314E-11  3.2949954E-10  3.1336223E-10  1.2405856E-10  1.1799059E-10  2.1779325E-02
  rh103    103  -9.2159613E-13  2.2738883E-10  2.2831043E-10  8.5613260E-11  8.5965943E-11 -1.7853961E-03
  pd104    104   1.0228297E-11  5.8934614E-11  4.8706317E-11  2.2189237E-11  1.8339436E-11  8.2756378E-02
  pd105    105  -1.4868384E-12  2.1181340E-10  2.1330024E-10  7.9749020E-11  8.0314137E-11 -3.0666403E-03
  pd106    106   8.0236512E-12  2.0984728E-10  2.0182363E-10  7.9008758E-11  7.5992844E-11  1.6902531E-02
  pd107    107   2.3148217E-12  2.3148217E-12  0.0000000E+00  8.7154426E-13  0.0000000E+00  0.0000000E+00
  pd108    108   1.0542608E-11  1.9147388E-10  1.8093127E-10  7.2091062E-11  6.8126227E-11  2.4567073E-02
  ag107    107  -3.9649672E-12  1.9598009E-10  1.9994506E-10  7.3787684E-11  7.5285500E-11 -8.7274564E-03
  ag108    108   0.0000000E+00  0.0000000E+00  0.0000000E+00  0.0000000E+00  0.0000000E+00  0.0000000E+00
  ag109    109   5.0084936E-14  1.7062493E-10  1.7057485E-10  6.4241314E-11  6.4226707E-11  9.8769626E-05
  cd108    108   5.8270588E-14  5.8270588E-14  0.0000000E+00  2.1939226E-14  0.0000000E+00  0.0000000E+00
  cd109    109   2.4511028E-26  2.4511028E-26  0.0000000E+00  9.2285494E-27  0.0000000E+00  0.0000000E+00
  cd110    110   1.0450803E-11  6.6028100E-11  5.5577296E-11  2.4859975E-11  2.0926573E-11  7.4802570E-02
  cd111    111   8.6329555E-13  1.4467673E-10  1.4381343E-10  5.4471656E-11  5.4150205E-11  2.5704652E-03
  cd112    112   9.4217134E-12  2.2887753E-10  2.1945581E-10  8.6173763E-11  8.2631908E-11  1.8227264E-02
  cd113    113   1.3579970E-12  1.3258826E-10  1.3123026E-10  4.9920276E-11  4.9412256E-11  4.4423253E-03
  cd114    114   1.4615545E-11  2.2127360E-10  2.0665805E-10  8.3310837E-11  7.7813152E-11  2.9648481E-02
  in115    115   1.1789875E-12  1.1899573E-10  1.1781674E-10  4.4802606E-11  4.4361650E-11  4.2955857E-03
  sn116    116   2.0935711E-11  1.8918604E-10  1.6825033E-10  7.1229682E-11  6.3351456E-11  5.0904408E-02
  sn117    117   3.7911618E-12  1.5905134E-10  1.5526018E-10  5.9883785E-11  5.8460264E-11  1.0448493E-02
  sn118    118   2.5049990E-11  3.7678591E-10  3.5173592E-10  1.4186216E-10  1.3243945E-10  2.9849207E-02
  sn119    119   6.8332701E-12  1.1433554E-10  1.0750227E-10  4.3048017E-11  4.0477934E-11  2.6734836E-02
  sn120    120   3.7715914E-11  4.7879017E-10  4.4107426E-10  1.8026737E-10  1.6607810E-10  3.5604790E-02
  sb121    121   1.0164786E-12  1.1464477E-10  1.1362829E-10  4.3164444E-11  4.2784571E-11  3.8389568E-03
  te122    122   4.7638525E-12  5.0821514E-11  4.6057661E-11  1.9134605E-11  1.7342135E-11  4.2716976E-02
  te123    123   1.7391019E-12  1.8147900E-11  1.6408798E-11  6.8327934E-12  6.1784198E-12  4.3720886E-02
  te124    124   8.8494073E-12  9.6134982E-11  8.7285575E-11  3.6195397E-11  3.2865721E-11  4.1910198E-02
  te125    125  -1.8355595E-12  2.6734195E-10  2.6917751E-10  1.0065585E-10  1.0135367E-10 -3.0004552E-03
  te126    126   7.2489237E-12  6.3981226E-10  6.3256334E-10  2.4089317E-10  2.3817967E-10  4.9197692E-03
   i127    127  -1.3078927E-11  7.7551859E-10  7.8859752E-10  2.9198741E-10  2.9693137E-10 -7.2919666E-03
  xe128    128   5.4597472E-12  5.1236192E-11  4.5776445E-11  1.9290734E-11  1.7236249E-11  4.8905987E-02
  xe129    129  -2.0665247E-11  1.1439760E-09  1.1646413E-09  4.3071385E-10  4.3852350E-10 -7.8040380E-03
  xe130    130   1.1713158E-11  8.5143462E-11  7.3430304E-11  3.2057024E-11  2.7648783E-11  6.4247184E-02
  xe131    131  -1.3229751E-11  9.1015262E-10  9.2338237E-10  3.4267791E-10  3.4768205E-10 -6.2961560E-03
  xe132    132   8.1165075E-12  9.4759289E-10  9.3947639E-10  3.5677442E-10  3.5374192E-10  3.7071563E-03
  xe133    133   4.7431150E-41  4.7431150E-41  0.0000000E+00  1.7858148E-41  0.0000000E+00  0.0000000E+00
  xe134    134   1.8061164E-11  4.4702997E-10  4.2896880E-10  1.6830946E-10  1.6152003E-10  1.7882150E-02
  cs133    133  -2.7374214E-12  3.1710573E-10  3.1984315E-10  1.1939222E-10  1.2043085E-10 -3.7617111E-03
  cs134    134   2.1757084E-21  2.1757084E-21  0.0000000E+00  8.1916725E-22  0.0000000E+00  0.0000000E+00
  cs135    135   1.2570058E-11  1.2570058E-11  0.0000000E+00  4.7327021E-12  0.0000000E+00  0.0000000E+00
  cs136    136   7.6100781E-38  7.6100781E-38  0.0000000E+00  2.8652400E-38  0.0000000E+00  0.0000000E+00
  cs137    137   4.7095540E-15  4.7095540E-15  0.0000000E+00  1.7731754E-15  0.0000000E+00  0.0000000E+00
  ba134    134   2.1900745E-12  6.9893327E-11  6.7703253E-11  2.6315257E-11  2.5492370E-11  1.3797400E-02
  ba135    135  -5.5015437E-12  3.0738700E-10  3.1288855E-10  1.1573306E-10  1.1781222E-10 -7.7329115E-03
  ba136    136   2.2900362E-11  2.1591148E-10  1.9301112E-10  8.1291973E-11  7.2674665E-11  4.8664637E-02
  ba137    137   6.7710393E-11  4.8878079E-10  4.2107040E-10  1.8402890E-10  1.5854604E-10  6.4730637E-02
  ba138    138   1.0302836E-10  1.7133606E-09  1.6103322E-09  6.4509054E-10  6.0633992E-10  2.6904507E-02
  la139    139   8.8497543E-12  2.5082272E-10  2.4197297E-10  9.4436264E-11  9.1110314E-11  1.5571245E-02
  ce140    140   1.8715196E-11  4.6280130E-10  4.4408610E-10  1.7424746E-10  1.6721216E-10  1.7898597E-02
  ce141    141   1.7207351E-36  1.7207351E-36  0.0000000E+00  6.4786709E-37  0.0000000E+00  0.0000000E+00
  ce142    142   2.1788404E-12  1.1860882E-10  1.1642998E-10  4.4656931E-11  4.3839488E-11  8.0233868E-03
  pr141    141   5.2716859E-13  1.1457930E-10  1.1405214E-10  4.3139797E-11  4.2944162E-11  1.9739717E-03
  nd142    142   2.7419664E-12  9.4234780E-11  9.1492813E-11  3.5479959E-11  3.4449877E-11  1.2795442E-02
  nd143    143  -5.0680987E-13  8.0783061E-11  8.1289871E-11  3.0415309E-11  3.0608151E-11 -2.7448544E-03
  nd144    144   5.1926519E-13  1.3994576E-10  1.3942650E-10  5.2690421E-11  5.2498391E-11  1.5856718E-03
  nd145    145  -5.5539601E-13  5.8332991E-11  5.8888387E-11  2.1962722E-11  2.2173300E-11 -4.1441731E-03
  nd146    146   9.9277531E-13  9.3872382E-11  9.2879607E-11  3.5343516E-11  3.4972050E-11  4.5886561E-03
  nd147    147   4.1668969E-39  4.1668969E-39  0.0000000E+00  1.5688615E-39  0.0000000E+00  0.0000000E+00
  nd148    148  -5.4926896E-13  4.7560511E-11  4.8109780E-11  1.7906818E-11  1.8114820E-11 -5.0156019E-03
  pm147    147  -1.8493438E-21 -1.8493438E-21  0.0000000E+00 -6.9628902E-22  0.0000000E+00  0.0000000E+00
  pm148    148   0.0000000E+00  0.0000000E+00  0.0000000E+00  0.0000000E+00  0.0000000E+00  0.0000000E+00
  sm147    147  -3.3687983E-13  3.3405244E-11  3.3742124E-11  1.2577275E-11  1.2704954E-11 -4.3865568E-03
  sm148    148   3.9043074E-13  1.6353649E-11  1.5963219E-11  6.1572470E-12  6.0106460E-12  1.0465424E-02
  sm149    149  -5.6644273E-13  3.4480457E-11  3.5046899E-11  1.2982099E-11  1.3196243E-11 -7.1053933E-03
  sm150    150   4.1979441E-13  9.7865266E-12  9.3667322E-12  3.6846862E-12  3.5268646E-12  1.9011725E-02
  sm151    151   4.1098257E-17  4.1098257E-17  0.0000000E+00  1.5473740E-17  0.0000000E+00  0.0000000E+00
  sm152    152  -7.5146139E-13  6.4451715E-11  6.5203176E-11  2.4266457E-11  2.4551014E-11 -5.0630546E-03
  eu151    151  -8.0937687E-13  4.4409448E-11  4.5218825E-11  1.6720424E-11  1.7026287E-11 -7.8726728E-03
  eu152    152   2.1465571E-21  2.1465571E-21  0.0000000E+00  8.0819166E-22  0.0000000E+00  0.0000000E+00
  eu153    153  -9.6692793E-13  5.2697742E-11  5.3664670E-11  1.9841016E-11  2.0206409E-11 -7.9252366E-03
  eu154    154   8.9318591E-21  8.9318591E-21  0.0000000E+00  3.3628985E-21  0.0000000E+00  0.0000000E+00
  eu155    155  -2.6109139E-20 -2.6109139E-20  0.0000000E+00 -9.8302475E-21  0.0000000E+00  0.0000000E+00
  gd152    152  -8.4202664E-15  4.2302441E-13  4.3144467E-13  1.5927122E-13  1.6245227E-13 -8.5884752E-03
  gd153    153  -1.7781925E-32 -1.7781925E-32  0.0000000E+00 -6.6950016E-33  0.0000000E+00  0.0000000E+00
  gd154    154  -1.0286477E-14  3.9237671E-12  3.9340536E-12  1.4773218E-12  1.4812928E-12 -1.1658107E-03
  gd155    155  -8.3914820E-13  5.0208900E-11  5.1048048E-11  1.8903951E-11  1.9221170E-11 -7.2272136E-03
  gd156    156  -9.1485847E-13  6.6899153E-11  6.7814011E-11  2.5187933E-11  2.5534073E-11 -5.9275660E-03
  gd157    157  -8.8751576E-13  5.4167643E-11  5.5055158E-11  2.0394443E-11  2.0729972E-11 -7.0868437E-03
  gd158    158  -6.5440708E-13  7.6791212E-11  7.7445619E-11  2.8912352E-11  2.9160674E-11 -3.7141391E-03
  tb159    159  -1.1916995E-12  6.8631670E-11  6.9823369E-11  2.5840236E-11  2.6290659E-11 -7.5049824E-03
  dy160    160   2.4644219E-13  4.3337708E-12  4.0873286E-12  1.6316907E-12  1.5390056E-12  2.5397655E-02
  dy161    161  -1.6006640E-12  8.6320992E-11  8.7921656E-11  3.2500370E-11  3.3105223E-11 -8.0082081E-03
  dy162    162  -1.8156032E-12  1.2219672E-10  1.2401233E-10  4.6007802E-11  4.6694482E-11 -6.4340639E-03
  dy163    163  -1.8967675E-12  1.0757282E-10  1.0946959E-10  4.0501814E-11  4.1218688E-11 -7.6196957E-03
  dy164    164  -9.1142371E-13  1.1387306E-10  1.1478448E-10  4.2873888E-11  4.3219907E-11 -3.4909446E-03
  ho165    165  -1.7407742E-12  9.8712059E-11  1.0045283E-10  3.7165684E-11  3.7823602E-11 -7.6207491E-03
  er166    166  -1.2197604E-12  8.9648421E-11  9.0868181E-11  3.3753170E-11  3.4214680E-11 -5.8979141E-03
  er167    167  -1.0620671E-12  6.4414730E-11  6.5476798E-11  2.4252532E-11  2.4654039E-11 -7.1309973E-03
  er168    168  -3.7825992E-13  6.5454912E-11  6.5833172E-11  2.4644167E-11  2.4788229E-11 -2.5313485E-03
  er169    169   2.5276215E-39  2.5276215E-39  0.0000000E+00  9.5166523E-40  0.0000000E+00  0.0000000E+00
  er170    170  -6.0144251E-13  4.4726407E-11  4.5327849E-11  1.6839760E-11  1.7067337E-11 -5.8298530E-03
  tm169    169  -5.6611660E-13  3.9664903E-11  4.0231020E-11  1.4934075E-11  1.5148223E-11 -6.1833668E-03
  tm170    170   3.7350806E-28  3.7350806E-28  0.0000000E+00  1.4062803E-28  0.0000000E+00  0.0000000E+00
  tm171    171   4.7018609E-22  4.7018609E-22  0.0000000E+00  1.7702788E-22  0.0000000E+00  0.0000000E+00
  yb170    170   2.4753940E-13  3.1427153E-12  2.8951759E-12  1.1832512E-12  1.0901233E-12  3.5601307E-02
  yb171    171  -3.1955688E-13  3.6978538E-11  3.7298095E-11  1.3922642E-11  1.4043888E-11 -3.7657062E-03
  yb172    172   1.0152990E-13  5.3038941E-11  5.2937411E-11  1.9969479E-11  1.9932573E-11  8.0337824E-04
  yb173    173  -3.0754913E-13  4.1857601E-11  4.2165150E-11  1.5759638E-11  1.5876484E-11 -3.2080899E-03
  yb174    174   1.0899961E-12  6.6746442E-11  6.5656446E-11  2.5130436E-11  2.4721685E-11  7.1219476E-03
  lu175    175  -5.1462307E-13  4.1144716E-11  4.1659339E-11  1.5491233E-11  1.5686031E-11 -5.4270583E-03
  lu176    176   2.1103345E-13  1.2101685E-12  9.9913502E-13  4.5563569E-13  3.7620528E-13  8.3192863E-02
  lu177    177   4.8588623E-41  4.8588623E-41  0.0000000E+00  1.8293951E-41  0.0000000E+00  0.0000000E+00
  hf176    176  -7.5424909E-14  3.9210688E-12  3.9964937E-12  1.4763059E-12  1.5048036E-12 -8.3034420E-03
  hf177    177  -3.9610329E-13  3.2402966E-11  3.2799069E-11  1.2199911E-11  1.2349865E-11 -5.3055324E-03
  hf178    178   4.1284684E-13  3.8942759E-11  3.8529912E-11  1.4662183E-11  1.4507704E-11  4.5999261E-03
  hf179    179  -3.7329514E-14  2.2662618E-11  2.2699948E-11  8.5326121E-12  8.5472324E-12 -7.4351160E-04
  hf180    180   1.4217377E-12  4.4970763E-11  4.3549025E-11  1.6931762E-11  1.6397557E-11  1.3923015E-02
  ta181    181   2.3082231E-14  2.1936834E-11  2.1913752E-11  8.2593498E-12  8.2512061E-12  4.2840850E-04
  ta182    182   3.3764294E-28  3.3764294E-28  0.0000000E+00  1.2712459E-28  0.0000000E+00  0.0000000E+00
  ta183    183   0.0000000E+00  0.0000000E+00  0.0000000E+00  0.0000000E+00  0.0000000E+00  0.0000000E+00
   w182    182   1.4266539E-13  2.8112060E-11  2.7969394E-11  1.0584359E-11  1.0531343E-11  2.1807926E-03
   w183    183   2.0342755E-13  1.6089335E-11  1.5885907E-11  6.0577311E-12  5.9815360E-12  5.4972549E-03
   w184    184   8.2499979E-13  3.3025045E-11  3.2200045E-11  1.2434128E-11  1.2124314E-11  1.0958155E-02
   w185    185   1.0484636E-30  1.0484636E-30  0.0000000E+00  3.9475282E-31  0.0000000E+00  0.0000000E+00
   w186    186   2.7508204E-13  4.4553007E-11  4.4277925E-11  1.6774474E-11  1.6672009E-11  2.6609851E-03
  re185    185  -1.2595307E-13  2.0440791E-11  2.0566744E-11  7.6960808E-12  7.7440155E-12 -2.6965865E-03
  re186    186   0.0000000E+00  0.0000000E+00  0.0000000E+00  0.0000000E+00  0.0000000E+00  0.0000000E+00
  re187    187  -8.5560378E-13  4.3672784E-11  4.4528388E-11  1.6443066E-11  1.6766316E-11 -8.4548434E-03
  os186    186   3.9883331E-13  6.7340604E-12  6.3352270E-12  2.5354142E-12  2.3854091E-12  2.6486054E-02
  os187    187   2.5961004E-13  3.4443056E-12  3.1846956E-12  1.2968018E-12  1.1991365E-12  3.4004953E-02
  os188    188  -1.2674028E-12  1.1316298E-10  1.1443038E-10  4.2606540E-11  4.3086579E-11 -4.8657614E-03
  os189    189  -2.7459285E-12  1.4897290E-10  1.5171883E-10  5.6089192E-11  5.7126835E-11 -7.9609863E-03
  os190    190  -3.3917869E-12  2.3551361E-10  2.3890540E-10  8.8672285E-11  8.9955272E-11 -6.2387204E-03
  os191    191   2.4696502E-37  2.4696502E-37  0.0000000E+00  9.2983815E-38  0.0000000E+00  0.0000000E+00
  os192    192  -7.5825457E-12  3.9405351E-10  4.0163606E-10  1.4836352E-10  1.5122840E-10 -8.3062658E-03
  ir191    191  -6.2862771E-12  3.2461606E-10  3.3090233E-10  1.2221990E-10  1.2459497E-10 -8.3585922E-03
  ir192    192   5.1156162E-32  5.1156162E-32  0.0000000E+00  1.9260603E-32  0.0000000E+00  0.0000000E+00
  ir193    193  -1.0819790E-11  5.5278970E-10  5.6360949E-10  2.0812864E-10  2.1221642E-10 -8.4471358E-03
  pt192    192   3.1158886E-13  5.7614165E-12  5.4498277E-12  2.1692080E-12  2.0520287E-12  2.4117762E-02
  pt193    193   9.2207411E-18  9.2207411E-18  0.0000000E+00  3.4716642E-18  0.0000000E+00  0.0000000E+00
  pt194    194  -1.0543511E-11  5.9664035E-10  6.0718386E-10  2.2463867E-10  2.2862351E-10 -7.6363715E-03
  pt195    195  -1.2040202E-11  6.2665528E-10  6.3869549E-10  2.3593949E-10  2.4048863E-10 -8.2939174E-03
  pt196    196  -5.6797900E-12  4.4979054E-10  4.5547033E-10  1.6934884E-10  1.7149868E-10 -5.4785404E-03
  au197    197  -3.8892778E-12  2.4890368E-10  2.5279295E-10  9.3713731E-11  9.5184367E-11 -6.7624082E-03
  hg198    198   3.6645756E-12  2.3334784E-11  1.9670208E-11  8.7856866E-12  7.4064426E-12  7.4166045E-02
  hg199    199   3.8304082E-13  7.0430606E-11  7.0047565E-11  2.6517547E-11  2.6375074E-11  2.3396800E-03
  hg200    200   4.2929618E-12  7.6025825E-11  7.1732863E-11  2.8624179E-11  2.7009645E-11  2.5214156E-02
  hg201    201   1.3350085E-12  5.1438725E-11  5.0103716E-11  1.9366989E-11  1.8865602E-11  1.1391427E-02
  hg202    202   7.1676692E-12  8.9908109E-11  8.2740439E-11  3.3850943E-11  3.1154336E-11  3.6052287E-02
  tl203    203   3.7545904E-12  4.9075188E-11  4.5320598E-11  1.8477104E-11  1.7064608E-11  3.4537550E-02
  tl204    204  -2.7899874E-19 -2.7899874E-19  0.0000000E+00 -1.0504470E-19  0.0000000E+00  0.0000000E+00
  tl205    205   8.8710289E-12  1.1304582E-10  1.0417479E-10  4.2562433E-11  3.9225036E-11  3.5463106E-02
  pb204    204   2.5650038E-12  3.5570033E-11  3.3005029E-11  1.3392331E-11  1.2427416E-11  3.2475315E-02
  pb205    205   3.3255695E-13  3.3255695E-13  0.0000000E+00  1.2520968E-13  0.0000000E+00  0.0000000E+00
  pb206    206   2.7173153E-11  5.4531912E-10  5.1814597E-10  2.0531593E-10  1.9509798E-10  2.2169866E-02
  pb207    207   2.9285074E-11  6.2641098E-10  5.9712590E-10  2.3584751E-10  2.2483639E-10  2.0764690E-02
  pb208    208   4.6711413E-11  1.1592252E-09  1.1125137E-09  4.3645523E-10  4.1889586E-10  1.7833658E-02
  bi209    209   1.0590695E-12  1.6989304E-10  1.6883397E-10  6.3965749E-11  6.3571218E-11  2.6869697E-03
  bi210    210   0.0000000E+00  0.0000000E+00  0.0000000E+00  0.0000000E+00  0.0000000E+00  0.0000000E+00
  po210    210   1.6132796E-12  1.6132796E-12  0.0000000E+00  6.0740947E-13  0.0000000E+00  0.0000000E+00
