# Minitial =  5.00 msun, Z = 0.0016, Mfinal = 0.918 msun
  species    A      yield       mass(i)_lost    mass(i)_0        <X(i)>          X0(i)   log10(<X(i)>/X0(i)) 
      n      1   0.0000000E+00  0.0000000E+00  0.0000000E+00  0.0000000E+00  0.0000000E+00  0.0000000E+00
      p      1  -5.7264256E-01  2.5647807E+00  3.1374233E+00  6.2831473E-01  7.6864678E-01 -8.7549575E-02
      d      2   1.8845810E-17  1.8845810E-17  0.0000000E+00  4.6168081E-18  0.0000000E+00  0.0000000E+00
    he3      3   1.1831991E-06  1.1883914E-06  5.1923008E-09  2.9112971E-07  1.2720773E-09  2.3595731E+00
    he4      4   4.9937922E-01  1.4370140E+00  9.3763477E-01  3.5203677E-01  2.2971398E-01  1.8540064E-01
    li7      7  -2.7533396E-09  1.1507396E-11  2.7648470E-09  2.8190584E-12  6.7736822E-10 -2.3807209E+00
    be7      7   1.7309624E-11  1.7309624E-11  0.0000000E+00  4.2404765E-12  0.0000000E+00  0.0000000E+00
     b8      8   5.1316758E-21  5.1316758E-21  0.0000000E+00  1.2571475E-21  0.0000000E+00  0.0000000E+00
    c12     12   4.4031353E-03  5.2676043E-03  8.6446910E-04  1.2904470E-03  2.1178889E-04  7.8483701E-01
    c13     13   7.5616973E-04  7.5617165E-04  1.9114361E-09  1.8524539E-04  4.6828852E-10  5.5972338E+00
    c14     14   2.3043549E-09  2.3043549E-09  0.0000000E+00  5.6451616E-10  0.0000000E+00  0.0000000E+00
    n13     13   0.0000000E+00  0.0000000E+00  0.0000000E+00  0.0000000E+00  0.0000000E+00  0.0000000E+00
    n14     14   6.6416860E-02  6.6417456E-02  5.9262436E-07  1.6270813E-02  1.4518884E-07  5.0494761E+00
    n15     15   1.6087749E-06  1.6087943E-06  1.9330300E-11  3.9411916E-07  4.7357882E-12  4.9202352E+00
    o14     14   0.0000000E+00  0.0000000E+00  0.0000000E+00  0.0000000E+00  0.0000000E+00  0.0000000E+00
    o15     15   0.0000000E+00  0.0000000E+00  0.0000000E+00  0.0000000E+00  0.0000000E+00  0.0000000E+00
    o16     16  -1.8417321E-03  2.4407075E-03  4.2824396E-03  5.9791957E-04  1.0491678E-03 -2.4420217E-01
    o17     17   6.1649939E-06  6.1652277E-06  2.3371882E-10  1.5103449E-06  5.7259482E-11  4.4212289E+00
    o18     18   3.6840647E-10  7.9581608E-10  4.2740961E-10  1.9495740E-10  1.0471237E-10  2.6994172E-01
    o19     19   0.0000000E+00  0.0000000E+00  0.0000000E+00  0.0000000E+00  0.0000000E+00  0.0000000E+00
    f17     17   0.0000000E+00  0.0000000E+00  0.0000000E+00  0.0000000E+00  0.0000000E+00  0.0000000E+00
    f18     18   0.0000000E+00  0.0000000E+00  0.0000000E+00  0.0000000E+00  0.0000000E+00  0.0000000E+00
    f19     19   1.3341261E-08  1.3358480E-08  1.7217864E-11  3.2725331E-09  4.2182564E-12  2.8897510E+00
    f20     20   0.0000000E+00  0.0000000E+00  0.0000000E+00  0.0000000E+00  0.0000000E+00  0.0000000E+00
   ne19     19   0.0000000E+00  0.0000000E+00  0.0000000E+00  0.0000000E+00  0.0000000E+00  0.0000000E+00
   ne20     20   9.7901968E-05  4.8569171E-04  3.8778974E-04  1.1898376E-04  9.5005780E-05  9.7737662E-02
   ne21     21   8.9118174E-07  9.3687152E-07  4.5689799E-08  2.2951288E-07  1.1193682E-08  1.3118341E+00
   ne22     22   1.7680657E-03  1.7681059E-03  4.0205226E-08  4.3314698E-04  9.8499990E-09  4.6431990E+00
   ne23     23   0.0000000E+00  0.0000000E+00  0.0000000E+00  0.0000000E+00  0.0000000E+00  0.0000000E+00
   na21     21   0.0000000E+00  0.0000000E+00  0.0000000E+00  0.0000000E+00  0.0000000E+00  0.0000000E+00
   na22     22   1.2612182E-10  1.2612182E-10  0.0000000E+00  3.0897066E-11  0.0000000E+00  0.0000000E+00
   na23     23   6.1837978E-05  6.3784610E-05  1.9466308E-06  1.5625825E-05  4.7691100E-07  1.5154057E+00
   na24     24   2.2744475E-41  2.2744475E-41  0.0000000E+00  5.5715627E-42  0.0000000E+00  0.0000000E+00
   mg23     23   0.0000000E+00  0.0000000E+00  0.0000000E+00  0.0000000E+00  0.0000000E+00  0.0000000E+00
   mg24     24  -1.1090977E-04  1.1700285E-04  2.2791262E-04  2.8663120E-05  5.5836997E-05 -2.8959858E-01
   mg25     25   4.0358101E-04  4.0375438E-04  1.7338284E-07  9.8910925E-05  4.2477584E-08  3.3670845E+00
   mg26     26   1.1002561E-03  1.1004233E-03  1.6715779E-07  2.6957947E-04  4.0952493E-08  3.8184063E+00
   mg27     27   0.0000000E+00  0.0000000E+00  0.0000000E+00  0.0000000E+00  0.0000000E+00  0.0000000E+00
   al25     25   0.0000000E+00  0.0000000E+00  0.0000000E+00  0.0000000E+00  0.0000000E+00  0.0000000E+00
   al-6     26   4.0976120E-05  4.0976120E-05  0.0000000E+00  1.0038247E-05  0.0000000E+00  0.0000000E+00
   al*6     26   0.0000000E+00  0.0000000E+00  0.0000000E+00  0.0000000E+00  0.0000000E+00  0.0000000E+00
   al27     27   9.5870964E-05  9.7907716E-05  2.0367534E-06  2.3985232E-05  4.9899035E-07  1.6818517E+00
   al28     28   0.0000000E+00  0.0000000E+00  0.0000000E+00  0.0000000E+00  0.0000000E+00  0.0000000E+00
   si27     27   0.0000000E+00  0.0000000E+00  0.0000000E+00  0.0000000E+00  0.0000000E+00  0.0000000E+00
   si28     28   3.2144249E-05  5.2728562E-04  4.9514137E-04  1.2917336E-04  1.2130618E-04  2.7290080E-02
   si29     29   8.9186788E-06  9.2190039E-06  3.0032479E-07  2.2584529E-06  7.3577475E-08  1.4870661E+00
   si30     30   1.7317843E-05  1.7486960E-05  1.6911714E-07  4.2839201E-06  4.1432521E-08  2.0144999E+00
   si31     31   0.0000000E+00  0.0000000E+00  0.0000000E+00  0.0000000E+00  0.0000000E+00  0.0000000E+00
   si32     32   1.2743660E-10  1.2743660E-10  0.0000000E+00  3.1219159E-11  0.0000000E+00  0.0000000E+00
   si33     33   0.0000000E+00  0.0000000E+00  0.0000000E+00  0.0000000E+00  0.0000000E+00  0.0000000E+00
    p29     29   0.0000000E+00  0.0000000E+00  0.0000000E+00  0.0000000E+00  0.0000000E+00  0.0000000E+00
    p30     30   0.0000000E+00  0.0000000E+00  0.0000000E+00  0.0000000E+00  0.0000000E+00  0.0000000E+00
    p31     31   5.9242029E-06  5.9964686E-06  7.2265557E-08  1.4690027E-06  1.7704558E-08  1.9189376E+00
    p32     32   3.2532130E-14  3.2532130E-14  0.0000000E+00  7.9696551E-15  0.0000000E+00  0.0000000E+00
    p33     33   2.1054908E-18  2.1054908E-18  0.0000000E+00  5.1579886E-19  0.0000000E+00  0.0000000E+00
    p34     34   0.0000000E+00  0.0000000E+00  0.0000000E+00  0.0000000E+00  0.0000000E+00  0.0000000E+00
    s32     32  -4.9879745E-06  1.8237896E-04  1.8736694E-04  4.4678829E-05  4.5903591E-05 -1.1744881E-02
    s33     33   1.1191759E-07  1.8037514E-07  6.8457545E-08  4.4187935E-08  1.6771621E-08  4.2072868E-01
    s34     34   2.3049336E-07  5.4692981E-07  3.1643646E-07  1.3398575E-07  7.7524717E-08  2.3761845E-01
    s35     35   3.3535267E-07  3.3535267E-07  0.0000000E+00  8.2154017E-08  0.0000000E+00  0.0000000E+00
   fe54     54  -3.2544676E-08  5.9567469E-07  6.2821937E-07  1.4592717E-07  1.5390937E-07 -2.3128886E-02
   fe55     55   7.8523849E-10  7.8523849E-10  0.0000000E+00  1.9236612E-10  0.0000000E+00  0.0000000E+00
   fe56     56  -1.0809570E-05  2.1314187E-04  2.2395144E-04  5.2215062E-05  5.4866541E-05 -2.1511776E-02
   fe57     57   1.3673707E-07  2.1032965E-06  1.9665595E-06  5.1526132E-07  4.8179334E-07  2.9166738E-02
   fe58     58   1.2524232E-06  1.2524233E-06  1.3362499E-13  3.0681610E-07  3.2737190E-14  6.9718366E+00
   fe59     59  -1.9408506E-22 -1.9408506E-22  0.0000000E+00 -4.7546565E-23  0.0000000E+00  0.0000000E+00
   fe60     60   2.4812427E-06  2.4812427E-06  0.0000000E+00  6.0784981E-07  0.0000000E+00  0.0000000E+00
   co59     59   5.4325278E-07  1.1576060E-06  6.1435321E-07  2.8358795E-07  1.5051225E-07  2.7511594E-01
   co60     60   5.5031574E-12  5.5031574E-12  0.0000000E+00  1.3481523E-12  0.0000000E+00  0.0000000E+00
   ni58     58  -6.3350763E-07  1.1681348E-05  1.2314856E-05  2.8616728E-06  3.0170536E-06 -2.2963058E-02
   ni59     59   5.5161247E-11  5.5161247E-11  0.0000000E+00  1.3513290E-11  0.0000000E+00  0.0000000E+00
   ni60     60   4.9771347E-07  5.0829203E-07  1.0578578E-08  1.2452035E-07  2.5916778E-09  1.6816593E+00
   ni61     61   3.9190945E-07  3.9192628E-07  1.6837753E-11  9.6013302E-08  4.1251317E-12  4.3668938E+00
   ni62     62   1.9507781E-06  1.9507781E-06  1.4749979E-14  4.7789769E-07  3.6136420E-15  8.1213894E+00
   ni63     63   3.1928626E-10  3.1928626E-10  0.0000000E+00  7.8218099E-11  0.0000000E+00  0.0000000E+00
   ni64     64   1.6751681E-06  1.6751681E-06  2.4460633E-14  4.1037927E-07  5.9926844E-15  7.8355641E+00
   cu63     63   7.1454969E-07  7.3210123E-07  1.7551567E-08  1.7934867E-07  4.3000115E-09  1.6202285E+00
   cu64     64   0.0000000E+00  0.0000000E+00  0.0000000E+00  0.0000000E+00  0.0000000E+00  0.0000000E+00
   cu65     65   3.2676897E-07  3.4824450E-07  2.1475532E-08  8.5312230E-08  5.2613554E-09  1.2099136E+00
   zn64     64  -1.5415566E-08  3.0315005E-07  3.1856561E-07  7.4265081E-08  7.8046348E-08 -2.1567920E-02
   zn65     65  -3.2895184E-18 -3.2895184E-18  0.0000000E+00 -8.0585952E-19  0.0000000E+00  0.0000000E+00
   zn66     66   3.3476991E-07  3.3477957E-07  9.6570668E-12  8.2013621E-08  2.3659139E-12  4.5398870E+00
   zn67     67   7.4100740E-08  7.4102964E-08  2.2218091E-12  1.8153592E-08  5.4432771E-13  4.5231023E+00
   zn68     68   4.8592955E-07  4.8634331E-07  4.1378226E-10  1.1914339E-07  1.0137376E-10  3.0701444E+00
   zn69     69   0.0000000E+00  0.0000000E+00  0.0000000E+00  0.0000000E+00  0.0000000E+00  0.0000000E+00
   zn70     70   4.1735384E-09  4.1735384E-09  0.0000000E+00  1.0224249E-09  0.0000000E+00  0.0000000E+00
   ga69     69   6.7318403E-08  7.9441236E-08  1.2122833E-08  1.9461352E-08  2.9700096E-09  8.1641513E-01
   ga70     70   0.0000000E+00  0.0000000E+00  0.0000000E+00  0.0000000E+00  0.0000000E+00  0.0000000E+00
   ga71     71   6.1620383E-08  6.8502203E-08  6.8818187E-09  1.6781531E-08  1.6859976E-09  9.9797463E-01
   ge70     70   1.0360397E-07  1.0818438E-07  4.5804089E-09  2.6502789E-08  1.1221682E-09  1.3732336E+00
   ge71     71   1.7819609E-27  1.7819609E-27  0.0000000E+00  4.3654115E-28  0.0000000E+00  0.0000000E+00
   ge72     72   1.0554222E-07  1.2234264E-07  1.6800422E-08  2.9971250E-08  4.1159862E-09  8.6223096E-01
   ge73     73   3.1572483E-08  3.7232425E-08  5.6599423E-09  9.1211234E-09  1.3866464E-09  8.1808257E-01
   ge74     74   1.3856587E-07  1.6578157E-07  2.7215703E-08  4.0612832E-08  6.6676575E-09  7.8469002E-01
   as75     75   1.2688300E-08  1.7545061E-08  4.8567603E-09  4.2981534E-09  1.1898724E-09  5.5778152E-01
   se76     76   4.4698243E-08  4.6241894E-08  1.5436514E-09  1.1328245E-08  3.7818382E-10  1.4764597E+00
   se77     77   1.7670464E-08  2.0799426E-08  3.1289624E-09  5.0954010E-09  7.6657397E-10  8.2262427E-01
   se78     78   1.1548224E-07  1.2416331E-07  8.6810612E-09  3.0417276E-08  2.1267994E-09  1.1553938E+00
   se79     79   1.8547052E-08  1.8547052E-08  0.0000000E+00  4.5436188E-09  0.0000000E+00  0.0000000E+00
   se80     80   1.4666406E-07  1.7056465E-07  2.3900583E-08  4.1784581E-08  5.8554761E-09  8.5345381E-01
   br79     79   7.6404962E-09  7.9189562E-09  2.7845959E-10  1.9399697E-09  6.8220651E-11  1.4538791E+00
   br80     80   0.0000000E+00  0.0000000E+00  0.0000000E+00  0.0000000E+00  0.0000000E+00  0.0000000E+00
   br81     81   1.9435834E-08  2.7135160E-08  7.6993247E-09  6.6475163E-09  1.8862807E-09  5.4705310E-01
   kr80     80  -1.7882168E-11  3.3842723E-10  3.5630940E-10  8.2907216E-11  8.7293311E-11 -2.2388652E-02
   kr81     81   6.9225787E-14  6.9225787E-14  0.0000000E+00  1.6958792E-14  0.0000000E+00  0.0000000E+00
   kr82     82   6.7021155E-08  6.9241480E-08  2.2203233E-09  1.6962638E-08  5.4396371E-10  1.4939234E+00
   kr83     83   2.4073389E-08  2.8204109E-08  4.1307202E-09  6.9093855E-09  1.0119976E-09  8.3425999E-01
   kr84     84   1.5770760E-07  1.7815091E-07  2.0443309E-08  4.3643048E-08  5.0084683E-09  9.4021010E-01
   kr-5     85  -4.9090880E-13 -4.9090880E-13  0.0000000E+00 -1.2026183E-13  0.0000000E+00  0.0000000E+00
   kr*5     85   0.0000000E+00  0.0000000E+00  0.0000000E+00  0.0000000E+00  0.0000000E+00  0.0000000E+00
   kr86     86   4.4464034E-07  4.4907378E-07  4.4334327E-09  1.1001318E-07  1.0861602E-09  2.0055509E+00
   rb85     85   5.6936983E-08  5.9791468E-08  2.8544855E-09  1.4647592E-08  6.9932904E-10  1.3210846E+00
   rb86     86   4.6457732E-26  4.6457732E-26  0.0000000E+00  1.1381120E-26  0.0000000E+00  0.0000000E+00
   rb87     87   1.0625344E-07  1.0718904E-07  9.3559993E-10  2.6258952E-08  2.2921544E-10  2.0590334E+00
   sr86     86   2.7009641E-08  2.7801613E-08  7.9197282E-10  6.8107826E-09  1.9402781E-10  1.5453330E+00
   sr87     87   1.1966357E-08  1.2514008E-08  5.4765176E-10  3.0656564E-09  1.3417085E-10  1.3588653E+00
   sr88     88   2.2077970E-07  2.2975938E-07  8.9796757E-09  5.6285984E-08  2.1999580E-09  1.4079859E+00
   sr89     89   2.3538019E-22  2.3538019E-22  0.0000000E+00  5.7662962E-23  0.0000000E+00  0.0000000E+00
   sr90     90   2.4441282E-12  2.4441282E-12  0.0000000E+00  5.9875753E-13  0.0000000E+00  0.0000000E+00
    y89     89   5.6705144E-08  5.9281035E-08  2.5758899E-09  1.4522548E-08  6.3107508E-10  1.3619617E+00
    y90     90   6.1810144E-16  6.1810144E-16  0.0000000E+00  1.5142123E-16  0.0000000E+00  0.0000000E+00
    y91     91   3.1988408E-22  3.1988408E-22  0.0000000E+00  7.8364552E-23  0.0000000E+00  0.0000000E+00
   zr90     90   4.0593246E-08  4.3347711E-08  2.7544664E-09  1.0619234E-08  6.7482503E-10  1.1969020E+00
   zr91     91   1.1837781E-08  1.2337360E-08  4.9957888E-10  3.0223812E-09  1.2239335E-10  1.3925915E+00
   zr92     92   2.2677428E-08  2.3739128E-08  1.0616997E-09  5.8155631E-09  2.6010902E-10  1.3494364E+00
   zr93     93   6.6581682E-09  6.6581682E-09  0.0000000E+00  1.6311045E-09  0.0000000E+00  0.0000000E+00
   zr94     94   2.2753481E-08  2.3620354E-08  8.6687257E-10  5.7864660E-09  2.1237773E-10  1.4353044E+00
   zr95     95   6.6112855E-22  6.6112855E-22  0.0000000E+00  1.6196193E-22  0.0000000E+00  0.0000000E+00
   zr96     96   2.8344550E-08  2.8660132E-08  3.1558217E-10  7.0211010E-09  7.7315425E-11  1.9581391E+00
   nb93     93   3.9382456E-10  8.5222263E-10  4.5839807E-10  2.0877576E-10  1.1230433E-10  2.6928359E-01
   nb94     94   2.6615591E-16  2.6615591E-16  0.0000000E+00  6.5202333E-17  0.0000000E+00  0.0000000E+00
   nb95     95   7.9640292E-22  7.9640292E-22  0.0000000E+00  1.9510117E-22  0.0000000E+00  0.0000000E+00
   mo94     94  -7.0947415E-12  1.6548167E-10  1.7257641E-10  4.0539364E-11  4.2280013E-11 -1.8258197E-02
   mo95     95   3.0021068E-09  3.3021630E-09  3.0005620E-10  8.0895718E-10  7.3511669E-11  1.0415692E+00
   mo96     96   4.5287276E-09  4.7276534E-09  1.9892583E-10  1.1581709E-09  4.8735443E-11  1.3759277E+00
   mo97     97   2.1632323E-09  2.3217166E-09  1.5848445E-10  5.6876942E-10  3.8827584E-11  1.1657959E+00
   mo98     98   6.1168599E-09  6.4364687E-09  3.1960856E-10  1.5767930E-09  7.8301865E-11  1.3040025E+00
   tc99     99   5.1126930E-10  5.1126930E-10  0.0000000E+00  1.2524971E-10  0.0000000E+00  0.0000000E+00
   ru99     99   2.4193625E-10  2.6309827E-10  2.1162029E-11  6.4453276E-11  5.1845494E-12  1.0945339E+00
  ru100    100   2.6358318E-09  2.7414004E-09  1.0556862E-10  6.7158268E-10  2.5863572E-11  1.4144109E+00
  ru101    101   5.3241112E-10  8.4883323E-10  3.1642211E-10  2.0794544E-10  7.7521205E-11  4.2852890E-01
  ru102    102   3.2418406E-09  3.7234484E-09  4.8160798E-10  9.1216285E-10  1.1799059E-10  8.8822502E-01
  rh103    103   5.0641857E-10  8.5730995E-10  3.5089137E-10  2.1002204E-10  8.5965943E-11  3.8793844E-01
  pd104    104   1.6671362E-09  1.7419932E-09  7.4856968E-11  4.2674994E-10  1.8339436E-11  1.3667874E+00
  pd105    105   3.8839862E-10  7.1622075E-10  3.2782213E-10  1.7545830E-10  8.0314137E-11  3.3938190E-01
  pd106    106   1.8094866E-09  2.1196702E-09  3.1018371E-10  5.1927251E-10  7.5992844E-11  8.3462262E-01
  pd107    107   3.4637052E-10  3.4637052E-10  0.0000000E+00  8.4853145E-11  0.0000000E+00  0.0000000E+00
  pd108    108   2.1613284E-09  2.4394027E-09  2.7807415E-10  5.9759991E-10  6.8126227E-11  9.4309616E-01
  ag107    107  -1.3537449E-11  2.9375907E-10  3.0729652E-10  7.1964497E-11  7.5285500E-11 -1.9593058E-02
  ag108    108   0.0000000E+00  0.0000000E+00  0.0000000E+00  0.0000000E+00  0.0000000E+00  0.0000000E+00
  ag109    109   5.0748955E-10  7.6964685E-10  2.6215730E-10  1.8854651E-10  6.4226707E-11  4.6770287E-01
  cd108    108   2.3433237E-12  2.3433237E-12  0.0000000E+00  5.7406266E-13  0.0000000E+00  0.0000000E+00
  cd109    109  -3.5544447E-24 -3.5544447E-24  0.0000000E+00 -8.7076064E-25  0.0000000E+00  0.0000000E+00
  cd110    110   1.7931105E-09  1.8785276E-09  8.5417014E-11  4.6019785E-10  2.0926573E-11  1.3422465E+00
  cd111    111   5.6199623E-10  7.8302381E-10  2.2102756E-10  1.9182358E-10  5.4150205E-11  5.4930192E-01
  cd112    112   2.1562419E-09  2.4935245E-09  3.3728270E-10  6.1085853E-10  8.2631908E-11  8.6879289E-01
  cd113    113   6.1259509E-10  8.1428353E-10  2.0168842E-10  1.9948153E-10  4.9412256E-11  6.0606802E-01
  cd114    114   2.9834135E-09  3.3010272E-09  3.1761377E-10  8.0867896E-10  7.7813152E-11  1.0167232E+00
  in115    115   5.5148364E-10  7.3255674E-10  1.8107311E-10  1.7946025E-10  4.4361650E-11  6.0696054E-01
  sn116    116   3.9451078E-09  4.2036925E-09  2.5858474E-10  1.0298120E-09  6.3351456E-11  1.2110014E+00
  sn117    117   1.1145574E-09  1.3531776E-09  2.3862012E-10  3.3149869E-10  5.8460264E-11  7.5362104E-01
  sn118    118   5.3036104E-09  5.8441949E-09  5.4058463E-10  1.4316990E-09  1.3243945E-10  1.0338343E+00
  sn119    119   1.4789112E-09  1.6441319E-09  1.6522077E-10  4.0277609E-10  4.0477934E-11  9.9784535E-01
  sn120    120   7.6797324E-09  8.3576213E-09  6.7788908E-10  2.0474331E-09  1.6607810E-10  1.0908973E+00
  sb121    121   5.3183341E-10  7.0646927E-10  1.7463588E-10  1.7306941E-10  4.2784571E-11  6.0693312E-01
  te122    122   9.3844066E-10  1.0092269E-09  7.0786238E-11  2.4723837E-10  1.7342135E-11  1.1540133E+00
  te123    123   3.3909867E-10  3.6431744E-10  2.5218759E-11  8.9249746E-11  6.1784198E-12  1.1597296E+00
  te124    124   1.7370945E-09  1.8712440E-09  1.3414961E-10  4.5841356E-10  3.2865721E-11  1.1445143E+00
  te125    125   5.5138005E-10  9.6508024E-10  4.1370021E-10  2.3642338E-10  1.0135367E-10  3.6785096E-01
  te126    126   3.1192389E-09  4.0914285E-09  9.7218966E-10  1.0023098E-09  2.3817967E-10  6.2409729E-01
   i127    127   3.4068670E-10  1.5526861E-09  1.2119994E-09  3.8037387E-10  2.9693137E-10  1.0755460E-01
  xe128    128   9.8492670E-10  1.0552808E-09  7.0354042E-11  2.5852054E-10  1.7236249E-11  1.1760523E+00
  xe129    129   2.7291969E-10  2.0628625E-09  1.7899429E-09  5.0535587E-10  4.3852350E-10  6.1604425E-02
  xe130    130   1.9064605E-09  2.0193158E-09  1.1285538E-10  4.9468790E-10  2.7648783E-11  1.2526553E+00
  xe131    131   6.4892480E-10  2.0680757E-09  1.4191509E-09  5.0663296E-10  3.4768205E-10  1.6351119E-01
  xe132    132   3.5369736E-09  4.9808593E-09  1.4438857E-09  1.2202007E-09  3.5374192E-10  5.3774476E-01
  xe133    133   6.9255736E-31  6.9255736E-31  0.0000000E+00  1.6966129E-31  0.0000000E+00  0.0000000E+00
  xe134    134   3.0729423E-09  3.7322265E-09  6.5928418E-10  9.1431324E-10  1.6152003E-10  7.5286865E-01
  cs133    133   4.6808413E-10  9.5965258E-10  4.9156845E-10  2.3509375E-10  1.2043085E-10  2.9050335E-01
  cs134    134  -1.5139776E-15 -1.5139776E-15  0.0000000E+00 -3.7089114E-16  0.0000000E+00  0.0000000E+00
  cs135    135   1.6398326E-09  1.6398326E-09  0.0000000E+00  4.0172285E-10  0.0000000E+00  0.0000000E+00
  cs136    136   3.2587272E-28  3.2587272E-28  0.0000000E+00  7.9831632E-29  0.0000000E+00  0.0000000E+00
  cs137    137   1.3584076E-12  1.3584076E-12  0.0000000E+00  3.3277995E-13  0.0000000E+00  0.0000000E+00
  ba134    134   4.2091017E-10  5.2496363E-10  1.0405346E-10  1.2860452E-10  2.5492370E-11  7.0284599E-01
  ba135    135   7.2097550E-11  5.5297744E-10  4.8087989E-10  1.3546729E-10  1.1781222E-10  6.0644120E-02
  ba136    136   3.3440426E-09  3.6406824E-09  2.9663974E-10  8.9188695E-10  7.2674665E-11  1.0889268E+00
  ba137    137   1.1176602E-08  1.1823747E-08  6.4714512E-10  2.8965577E-09  1.5854604E-10  1.2617267E+00
  ba138    138   1.9160522E-08  2.1635449E-08  2.4749274E-09  5.3002083E-09  6.0633992E-10  9.4157678E-01
  la139    139   1.9087474E-09  2.2806368E-09  3.7188944E-10  5.5870575E-10  9.1110314E-11  7.8761560E-01
  ce140    140   3.8268890E-09  4.5094071E-09  6.8251810E-10  1.1047053E-09  1.6721216E-10  8.1997859E-01
  ce141    141   6.7432285E-27  6.7432285E-27  0.0000000E+00  1.6519423E-27  0.0000000E+00  0.0000000E+00
  ce142    142   5.9116007E-10  7.7010187E-10  1.7894179E-10  1.8865799E-10  4.3839488E-11  6.3380975E-01
  pr141    141   3.8443365E-10  5.5972094E-10  1.7528728E-10  1.3711930E-10  4.2944162E-11  5.0419444E-01
  nd142    142   6.2078004E-10  7.6139578E-10  1.4061574E-10  1.8652518E-10  3.4449877E-11  7.3354983E-01
  nd143    143   1.4501325E-10  2.6994804E-10  1.2493478E-10  6.6131323E-11  3.0608151E-11  3.3457011E-01
  nd144    144   4.2426251E-10  6.3854777E-10  2.1428526E-10  1.5643013E-10  5.2498391E-11  4.7417444E-01
  nd145    145   7.7807767E-11  1.6831361E-10  9.0505846E-11  4.1233128E-11  2.2173300E-11  2.6941597E-01
  nd146    146   3.5885142E-10  5.0159854E-10  1.4274712E-10  1.2288059E-10  3.4972050E-11  5.4576218E-01
  nd147    147   1.6200226E-29  1.6200226E-29  0.0000000E+00  3.9686984E-30  0.0000000E+00  0.0000000E+00
  nd148    148   5.3252965E-11  1.2719312E-10  7.3940153E-11  3.1159512E-11  1.8114820E-11  2.3555662E-01
  pm147    147  -3.9396429E-16 -3.9396429E-16  0.0000000E+00 -9.6512569E-17  0.0000000E+00  0.0000000E+00
  pm148    148   6.3443281E-34  6.3443281E-34  0.0000000E+00  1.5542206E-34  0.0000000E+00  0.0000000E+00
  sm147    147   4.1799821E-11  9.3658255E-11  5.1858434E-11  2.2944209E-11  1.2704954E-11  2.5669998E-01
  sm148    148   8.1388535E-11  1.0592248E-10  2.4533948E-11  2.5948674E-11  6.0106460E-12  6.3519400E-01
  sm149    149   1.3371606E-11  6.7235356E-11  5.3863750E-11  1.6471180E-11  1.3196243E-11  9.6274413E-02
  sm150    150   7.6985238E-11  9.1381014E-11  1.4395775E-11  2.2386334E-11  3.5268646E-12  8.0259418E-01
  sm151    151   7.8226186E-15  7.8226186E-15  0.0000000E+00  1.9163693E-15  0.0000000E+00  0.0000000E+00
  sm152    152   6.3210867E-11  1.6342194E-10  1.0021108E-10  4.0034774E-11  2.4551014E-11  2.1236795E-01
  eu151    151   6.8158118E-12  7.6312845E-11  6.9497033E-11  1.8694966E-11  1.7026287E-11  4.0604718E-02
  eu152    152   1.7880367E-18  1.7880367E-18  0.0000000E+00  4.3802962E-19  0.0000000E+00  0.0000000E+00
  eu153    153   7.1529727E-12  8.9630463E-11  8.2477490E-11  2.1957488E-11  2.0206409E-11  3.6093503E-02
  eu154    154  -1.0336595E-16 -1.0336595E-16  0.0000000E+00 -2.5322381E-17  0.0000000E+00  0.0000000E+00
  eu155    155  -4.6012947E-16 -4.6012947E-16  0.0000000E+00 -1.1272158E-16  0.0000000E+00  0.0000000E+00
  gd152    152   2.1115911E-13  8.7424854E-13  6.6308943E-13  2.1417163E-13  1.6245227E-13  1.2003618E-01
  gd153    153  -4.3064055E-25 -4.3064055E-25  0.0000000E+00 -1.0549745E-25  0.0000000E+00  0.0000000E+00
  gd154    154   9.0783284E-12  1.5124594E-11  6.0462655E-12  3.7051924E-12  1.4812928E-12  3.9816988E-01
  gd155    155   1.7879413E-11  9.6335405E-11  7.8455992E-11  2.3600051E-11  1.9221170E-11  8.9133121E-02
  gd156    156   4.6625877E-11  1.5084956E-10  1.0422368E-10  3.6954818E-11  2.5534073E-11  1.6055097E-01
  gd157    157   2.0039116E-11  1.0465365E-10  8.4614538E-11  2.5637839E-11  2.0729972E-11  9.2282712E-02
  gd158    158   9.5342054E-11  2.1436861E-10  1.1902655E-10  5.2515586E-11  2.9160674E-11  2.5549066E-01
  tb159    159   1.5868890E-11  1.2318076E-10  1.0731187E-10  3.0176570E-11  2.6290659E-11  5.9868421E-02
  dy160    160   3.6976172E-11  4.3258008E-11  6.2818344E-12  1.0597259E-11  1.5390056E-12  8.3795339E-01
  dy161    161   7.8881207E-12  1.4301534E-10  1.3512721E-10  3.5035606E-11  3.3105223E-11  2.4613108E-02
  dy162    162   6.0007513E-11  2.5060265E-10  1.9059514E-10  6.1392127E-11  4.6694482E-11  1.1884714E-01
  dy163    163   2.0337204E-11  1.8858154E-10  1.6824434E-10  4.6198323E-11  4.1218688E-11  4.9532056E-02
  dy164    164   1.3075416E-10  3.0716696E-10  1.7641280E-10  7.5249133E-11  4.3219907E-11  2.4081768E-01
  ho165    165   1.6606119E-11  1.7099257E-10  1.5438645E-10  4.1889412E-11  3.7823602E-11  4.4341382E-02
  er166    166   5.0684609E-11  1.9034035E-10  1.3965575E-10  4.6629194E-11  3.4214680E-11  1.3444541E-01
  er167    167   1.7847973E-11  1.1847957E-10  1.0063160E-10  2.9024885E-11  2.4654039E-11  7.0882432E-02
  er168    168   8.3275588E-11  1.8445491E-10  1.0117932E-10  4.5187389E-11  2.4788229E-11  2.6077175E-01
  er169    169   7.0484763E-30  7.0484763E-30  0.0000000E+00  1.7267215E-30  0.0000000E+00  0.0000000E+00
  er170    170   3.1949013E-11  1.0161360E-10  6.9664587E-11  2.4893093E-11  1.7067337E-11  1.6391309E-01
  tm169    169   1.9317888E-11  8.1149129E-11  6.1831242E-11  1.9879749E-11  1.5148223E-11  1.1804922E-01
  tm170    170  -5.3279911E-21 -5.3279911E-21  0.0000000E+00 -1.3052404E-21  0.0000000E+00  0.0000000E+00
  tm171    171  -1.8029299E-16 -1.8029299E-16  0.0000000E+00 -4.4167808E-17  0.0000000E+00  0.0000000E+00
  yb170    170   2.6075017E-11  3.0524628E-11  4.4496100E-12  7.4778612E-12  1.0901233E-12  8.3630174E-01
  yb171    171   4.0614966E-11  9.7938588E-11  5.7323622E-11  2.3992796E-11  1.4043888E-11  2.3259351E-01
  yb172    172   1.0130590E-10  1.8266566E-10  8.1359759E-11  4.4749062E-11  1.9932573E-11  3.5122058E-01
  yb173    173   4.5220432E-11  1.1002425E-10  6.4803815E-11  2.6953516E-11  1.5876484E-11  2.2986108E-01
  yb174    174   2.0800901E-10  3.0891673E-10  1.0090771E-10  7.5677790E-11  2.4721685E-11  4.8589039E-01
  lu175    175   2.4176598E-11  8.8203035E-11  6.4026437E-11  2.1607801E-11  1.5686031E-11  1.3909750E-01
  lu176    176   2.1301485E-11  2.2837060E-11  1.5355756E-12  5.5945765E-12  3.7620528E-13  1.1723423E+00
  lu177    177   7.8708610E-31  7.8708610E-31  0.0000000E+00  1.9281875E-31  0.0000000E+00  0.0000000E+00
  hf176    176  -3.6766987E-13  5.7745601E-12  6.1422300E-12  1.4146400E-12  1.5048036E-12 -2.6833871E-02
  hf177    177   2.0291331E-11  7.0700376E-11  5.0409045E-11  1.7320034E-11  1.2349865E-11  1.4688654E-01
  hf178    178   1.0068222E-10  1.5989902E-10  5.9216805E-11  3.9171739E-11  1.4507704E-11  4.3137419E-01
  hf179    179   3.4884848E-11  6.9772507E-11  3.4887659E-11  1.7092727E-11  8.5472324E-12  3.0098584E-01
  hf180    180   1.9435650E-10  2.6128721E-10  6.6930711E-11  6.4009610E-11  1.6397557E-11  5.9146607E-01
  ta181    181   3.8327206E-11  7.2006560E-11  3.3679354E-11  1.7640021E-11  8.2512061E-12  3.2998165E-01
  ta182    182  -1.9547643E-21 -1.9547643E-21  0.0000000E+00 -4.7887416E-22  0.0000000E+00  0.0000000E+00
  ta183    183   7.8368696E-39  7.8368696E-39  0.0000000E+00  1.9198602E-39  0.0000000E+00  0.0000000E+00
   w182    182   5.2102708E-11  9.5089006E-11  4.2986299E-11  2.3294712E-11  1.0531343E-11  3.4477359E-01
   w183    183   4.4898349E-11  6.9313479E-11  2.4415128E-11  1.6980275E-11  5.9815360E-12  4.5313197E-01
   w184    184   1.2296450E-10  1.7245291E-10  4.9488406E-11  4.2247164E-11  1.2124314E-11  5.4214036E-01
   w185    185   1.5843369E-23  1.5843369E-23  0.0000000E+00  3.8812761E-24  0.0000000E+00  0.0000000E+00
   w186    186   9.9739147E-11  1.6779010E-10  6.8050954E-11  4.1104876E-11  1.6672009E-11  3.9190540E-01
  re185    185   2.3980512E-11  5.5589641E-11  3.1609129E-11  1.3618237E-11  7.7440155E-12  2.4515468E-01
  re186    186   6.1429957E-33  6.1429957E-33  0.0000000E+00  1.5048986E-33  0.0000000E+00  0.0000000E+00
  re187    187   1.2953749E-11  8.1389645E-11  6.8435896E-11  1.9938669E-11  1.6766318E-11  7.5258493E-02
  os186    186   4.0304055E-11  5.0040697E-11  9.7366412E-12  1.2258868E-11  2.3854091E-12  7.1088749E-01
  os187    187   1.1940953E-11  1.6835524E-11  4.8945709E-12  4.1243324E-12  1.1991356E-12  5.3648531E-01
  os188    188   7.2269676E-11  2.4813829E-10  1.7586861E-10  6.0788416E-11  4.3086579E-11  1.4947881E-01
  os189    189   7.3717976E-12  2.4054919E-10  2.3317739E-10  5.8929250E-11  5.7126835E-11  1.3490757E-02
  os190    190   8.6827379E-11  4.5400220E-10  3.6717482E-10  1.1122053E-10  8.9955272E-11  9.2158332E-02
  os191    191   1.6739254E-28  1.6739254E-28  0.0000000E+00  4.1007484E-29  0.0000000E+00  0.0000000E+00
  os192    192  -2.9813374E-12  6.1429506E-10  6.1727640E-10  1.5048876E-10  1.5122840E-10 -2.1293105E-03
  ir191    191  -9.7247765E-12  4.9884064E-10  5.0856541E-10  1.2220497E-10  1.2459497E-10 -8.4116636E-03
  ir192    192  -3.1481037E-24 -3.1481037E-24  0.0000000E+00 -7.7121601E-25  0.0000000E+00  0.0000000E+00
  ir193    193  -2.4317159E-11  8.4189700E-10  8.6621416E-10  2.0624621E-10  2.1221642E-10 -1.2393020E-02
  pt192    192   3.0639175E-11  3.9015041E-11  8.3758660E-12  9.5578250E-12  2.0520287E-12  6.6817564E-01
  pt193    193   2.1649237E-15  2.1649237E-15  0.0000000E+00  5.3035862E-16  0.0000000E+00  0.0000000E+00
  pt194    194   4.7578164E-11  9.8076192E-10  9.3318375E-10  2.4026506E-10  2.2862351E-10  2.1569710E-02
  pt195    195  -1.8749891E-11  9.6286434E-10  9.8161423E-10  2.3588054E-10  2.4048863E-10 -8.4024258E-03
  pt196    196   1.2857243E-10  8.2858698E-10  7.0001455E-10  2.0298555E-10  1.7149868E-10  7.3204331E-02
  au197    197   3.0152908E-11  4.1867160E-10  3.8851869E-10  1.0256532E-10  9.5184367E-11  3.2434907E-02
  hg198    198   1.7245616E-10  2.0268739E-10  3.0231241E-11  4.9653944E-11  7.4064426E-12  8.2634407E-01
  hg199    199   6.9114978E-11  1.7677142E-10  1.0765644E-10  4.3305103E-11  2.6375074E-11  2.1534540E-01
  hg200    200   2.3315230E-10  3.4339889E-10  1.1024659E-10  8.4125165E-11  2.7009645E-11  4.9340707E-01
  hg201    201   9.4764814E-11  1.7176946E-10  7.7004646E-11  4.2079732E-11  1.8865602E-11  3.4840232E-01
  hg202    202   3.4027192E-10  4.6743609E-10  1.2716418E-10  1.1451154E-10  3.1154336E-11  5.6533074E-01
  tl203    203   1.8485313E-10  2.5450658E-10  6.9653450E-11  6.2348501E-11  1.7064608E-11  5.6272972E-01
  tl204    204  -1.4941428E-15 -1.4941428E-15  0.0000000E+00 -3.6603208E-16  0.0000000E+00  0.0000000E+00
  tl205    205   3.8412623E-10  5.4423299E-10  1.6010676E-10  1.3332509E-10  3.9225036E-11  5.3134853E-01
  pb204    204   1.1690830E-10  1.6763389E-10  5.0725590E-11  4.1066608E-11  1.2427416E-11  5.1910800E-01
  pb205    205   8.6802189E-12  8.6802189E-12  0.0000000E+00  2.1264624E-12  0.0000000E+00  0.0000000E+00
  pb206    206   1.0682863E-09  1.8646273E-09  7.9634094E-10  4.5679260E-10  1.9509798E-10  3.6946630E-01
  pb207    207   1.1872328E-09  2.1049584E-09  9.1772573E-10  5.1566845E-10  2.2483639E-10  3.6050397E-01
  pb208    208   2.5647409E-09  4.2745687E-09  1.7098277E-09  1.0471751E-09  4.1889586E-10  3.9791325E-01
  bi209    209   1.2384296E-10  3.8332471E-10  2.5948174E-10  9.3906105E-11  6.3571218E-11  1.6943328E-01
  bi210    210   1.2552654E-33  1.2552654E-33  0.0000000E+00  3.0751238E-34  0.0000000E+00  0.0000000E+00
  po210    210   7.9386255E-11  7.9386255E-11  0.0000000E+00  1.9447883E-11  0.0000000E+00  0.0000000E+00
