# Final abundances
# El  Z   log e(X)   [X/H]    [X/Fe]     [X/O]      X(i)
  p   1  12.000000  0.000000  0.000000  0.000000 6.91420E-01
 he   2  11.034028  0.104028  1.490232  1.303004 2.96958E-01
 li   3  -5.029297 -8.289297 -6.903092 -7.090321 4.45049E-17
 be   4   0.000000 -1.300000  0.000000  0.000000 4.68751E-26
  b   5   0.000000 -2.790000  0.000000  0.000000 1.00098E-30
  c   6   9.241259  0.771258  2.157463  1.970234 1.43589E-02
  n   7   7.888827  0.018827  1.405032  1.217803 7.43796E-04
  o   8   7.531024 -1.198976  0.187229  0.000000 3.72733E-04
  f   9   5.306885  0.886885  2.273089  2.085861 2.64164E-06
 ne  10   7.974675  0.004675  1.390880  1.203651 1.30580E-03
 na  11   6.001895 -0.238104  1.148100  0.960872 1.58386E-05
 mg  12   7.079003 -0.560997  0.825208  0.637979 1.99977E-04
 al  13   5.995020 -0.454979  0.931225  0.743997 1.82969E-05
 si  14   6.604566 -0.945434  0.440771  0.253542 7.75064E-05
  p  15   4.617895 -0.792105  0.594100  0.406871 8.81403E-07
  s  16   5.790284 -1.359716  0.026489 -0.160740 1.35705E-05
 cl  17   3.922287 -1.307713  0.078492 -0.108737 2.03340E-07
 ar  18   5.060083 -1.379917  0.006288 -0.180941 3.14673E-06
  k  19   3.752852 -1.327147  0.059057 -0.128171 1.51806E-07
 ca  20   4.902080 -1.387920 -0.001716 -0.188944 2.19416E-06
 sc  21   2.064936 -0.985064  0.401140  0.213912 3.58101E-09
 ti  22   3.561007 -1.348993  0.037211 -0.150017 1.19488E-07
  v  23   2.582329 -1.377671  0.008533 -0.178695 1.33563E-08
 cr  24   4.241983 -1.398017 -0.011812 -0.199041 6.22636E-07
 mn  25   4.086021 -1.393979 -0.007774 -0.195003 4.59383E-07
 fe  26   6.153795 -1.386205  0.000000 -0.187229 5.45835E-05
 co  27   4.105113 -0.764887  0.621318  0.434089 5.14936E-07
 ni  28   4.995996 -1.204004  0.182201 -0.005028 3.98900E-06
 cu  29   3.595057 -0.654943  0.731262  0.544034 1.71564E-07
 zn  30   3.548357 -1.081643  0.304562  0.117333 1.58590E-07
 ga  31   2.471016 -0.608984  0.777221  0.589992 1.41473E-08
 ge  32   2.929806 -0.650194  0.736011  0.548782 4.23900E-08
 as  33   1.502088 -0.797912  0.588292  0.401064 1.63297E-09
 se  34   2.840781 -0.499219  0.886986  0.699757 3.75379E-08
 br  35   1.998981 -0.541018  0.845186  0.657958 5.46804E-09
 kr  36   3.338289  0.088289  1.474494  1.287265 1.25258E-07
 rb  37   2.655208  0.135208  1.521412  1.334184 2.65029E-08
 sr  38   2.995578  0.115578  1.501782  1.314554 5.94926E-08
  y  39   2.439061  0.229061  1.615266  1.428037 1.67600E-08
 zr  40   2.911450  0.381450  1.767655  1.580426 5.10318E-08
 nb  41   1.665705  0.255705  1.641909  1.454681 2.95142E-09
 mo  42   2.070189  0.130188  1.516393  1.329165 7.73518E-09
 tc  43   0.000000 -9.000000  0.000000  0.000000 0.00000E+00
 ru  44   1.681717 -0.078283  1.307922  1.120693 3.33135E-09
 rh  45   0.576328 -0.483672  0.902533  0.715304 2.66104E-10
 pd  46   1.596118 -0.053882  1.332323  1.145094 2.88020E-09
 ag  47   0.788640 -0.411360  0.974845  0.787616 4.54793E-10
 cd  48   1.745302  0.035302  1.421507  1.234278 4.28936E-09
 in  49   0.609330 -0.150670  1.235535  1.048306 3.20348E-10
 sn  50   2.217795  0.147795  1.534000  1.346771 1.34451E-08
 sb  51   0.718860 -0.291140  1.095064  0.907836 4.37166E-10
 te  52   1.833195 -0.346805  1.039399  0.852171 5.96112E-09
  i  53   0.747343 -0.802657  0.583548  0.396319 4.86520E-10
 xe  54   2.133999 -0.106001  1.280204  1.092975 1.22609E-08
 cs  55   0.781832 -0.298168  1.088036  0.900808 5.51639E-10
 ba  56   2.811675  0.631675  2.017880  1.830651 6.10538E-08
 la  57   1.736466  0.566466  1.952671  1.765442 5.19360E-09
 ce  58   2.285834  0.705834  2.092039  1.904810 1.85611E-08
 pr  59   1.233587  0.473587  1.859792  1.672563 1.65503E-09
 nd  60   1.932571  0.482571  1.868776  1.681547 8.47108E-09
 pm  61   0.000000 -9.000000  0.000000  0.000000 0.00000E+00
 sm  62   1.197189  0.257189  1.643394  1.456165 1.62406E-09
 eu  63   0.144905 -0.365095  1.021110  0.833881 1.45522E-10
 gd  64   1.057012  0.007012  1.393216  1.205988 1.22994E-09
 tb  65   0.103498 -0.216502  1.169702  0.982474 1.38347E-10
 dy  66   1.198596  0.068596  1.454801  1.267572 1.76089E-09
 ho  67   0.163701 -0.306299  1.079906  0.892677 1.64924E-10
 er  68   1.028048  0.108048  1.494252  1.307024 1.22382E-09
 tm  69   0.068361 -0.051639  1.334566  1.147337 1.35631E-10
 yb  70   1.373000  0.453000  1.839205  1.651976 2.80174E-09
 lu  71   0.428309  0.338309  1.724514  1.537285 3.21771E-10
 hf  72   1.290385  0.580385  1.966590  1.779361 2.38936E-09
 ta  73   0.331973  0.451973  1.838178  1.650949 2.66569E-10
  w  74   1.259454  0.609454  1.995659  1.808430 2.29179E-09
 re  75   0.325676  0.065676  1.451881  1.264652 2.70367E-10
 os  76   1.218494 -0.131506  1.254699  1.067470 2.15802E-09
 ir  77   0.542523 -0.777477  0.608728  0.421499 4.59830E-10
 pt  78   1.278613 -0.341387  1.044818  0.857589 2.54158E-09
 au  79   0.489574 -0.310426  1.075779  0.888550 4.17109E-10
 hg  80   1.746793  0.576793  1.962998  1.775769 7.68039E-09
 tl  81   1.585576  0.815576  2.201781  2.014552 5.39886E-09
 pb  82   3.576737  1.536737  2.922942  2.735713 5.36302E-07
 bi  83   2.163550  1.513550  2.899755  2.712526 2.08899E-08
 po  84   0.000000 -9.000000  0.000000  0.000000 0.00000E+00
#[ls/Fe]_Thiswork =   1.6282, [hs/Fe]_Thiswork =   2.0209
#[hs/ls]_Thiswork =   0.3926, [Pb/hs]_Thiswork =   0.9021
# C/O =  5.1314E+01, c12/c13 = 2.02891E+01, n14/n15 = 5.84986E+04
# o16/o17 = 4.29763E+03, o16/o18 = 5.78465E+04
# mg24/mg25 =  3.1351E-01, mg24/mg26 =  3.1245E-01
# si28/si29 =  2.9672E+01, si28/si30 =  3.4117E+01
# cl36/cl35 =  0.0000E+00, cl37/cl35 =  5.5640E-01
