# M_ini =  3.00 Msun, Z = 0.0011, Y = 0.24, M_pmz = 1.0E-03 Msun
# Initial [Fe/H] = -1.41, [alpha/Fe] = 0.4
# M_remnant = 0.801 Msun, M_yield(all) = 2.199 Msun
#El   Z    log e(X)      [X/H]     [X/Fe]        M_yield        X_yield
  p   1   12.000000   0.000000   1.382045   1.512090E+00   6.876735E-01
 he   2   11.031189   0.101189   1.483234   6.498708E-01   2.955504E-01
  c   6    9.226161   0.756161   2.138206   3.066015E-02   1.394373E-02
  n   7    7.881120   0.011120   1.393165   1.610003E-03   7.322026E-04
  o   8    7.517083  -1.212917   0.169128   7.957702E-04   3.619030E-04
  f   9    5.286818   0.866818   2.248863   5.560953E-06   2.529029E-06
 ne  10    7.954013  -0.015987   1.366058   2.960441E-03   1.346359E-03
 na  11    5.976734  -0.263266   1.118779   3.296398E-05   1.499147E-05
 mg  12    7.057127  -0.582873   0.799172   4.361423E-04   1.983503E-04
 al  13    5.988982  -0.461018   0.921026   3.980366E-05   1.810204E-05
 si  14    6.601447  -0.948553   0.433491   1.696277E-04   7.714387E-05
  p  15    4.603086  -0.806914   0.575131   1.879427E-06   8.547320E-07
  s  16    5.789259  -1.360741   0.021304   2.989342E-05   1.359503E-05
 cl  17    3.919848  -1.310152   0.071893   4.489526E-07   2.041762E-07
 ar  18    5.059341  -1.380659   0.001386   6.304696E-06   2.867271E-06
  k  19    3.749601  -1.330399   0.051646   3.326456E-07   1.512817E-07
 ca  20    4.901734  -1.388266  -0.006221   4.840853E-06   2.201540E-06
 sc  21    2.052901  -0.997099   0.384946   7.685842E-09   3.495393E-09
 ti  22    3.559392  -1.350608   0.031436   2.635812E-07   1.198723E-07
  v  23    2.581523  -1.378477   0.003568   2.942189E-08   1.338059E-08
 cr  24    4.241323  -1.398677  -0.016632   1.375753E-06   6.256698E-07
 mn  25    4.085900  -1.394100  -0.012055   1.013538E-06   4.609403E-07
 fe  26    6.157955  -1.382045   0.000000   1.218025E-04   5.539376E-05
 co  27    4.092796  -0.777204   0.604841   1.104653E-06   5.023778E-07
 ni  28    4.915975  -1.284025   0.098020   7.411684E-06   3.370711E-06
 cu  29    3.576137  -0.673863   0.708182   3.617817E-07   1.645323E-07
 zn  30    3.535588  -1.094412   0.287633   3.442009E-07   1.565368E-07
 ga  31    2.450610  -0.629390   0.752655   2.983026E-08   1.356631E-08
 ge  32    2.909703  -0.670297   0.711748   8.877339E-08   4.037266E-08
 as  33    1.484250  -0.815750   0.566295   3.458509E-09   1.572872E-09
 se  34    2.838491  -0.501509   0.880536   8.197857E-08   3.728249E-08
 br  35    1.825531  -0.714469   0.667576   8.122030E-09   3.693764E-09
 kr  36    3.320058   0.070058   1.452103   2.696322E-07   1.226242E-07
 rb  37    2.635736   0.115736   1.497781   5.649615E-08   2.569351E-08
 sr  38    2.980662   0.100662   1.482707   1.270620E-07   5.778567E-08
  y  39    2.425340   0.215340   1.597385   3.583505E-08   1.629718E-08
 zr  40    2.897926   0.367926   1.749971   1.108666E-07   5.042027E-08
 nb  41    1.653567   0.243567   1.625612   6.333260E-09   2.880261E-09
 mo  42    2.057368   0.117368   1.499413   1.668549E-08   7.588284E-09
 ru  44    1.667931  -0.092069   1.289976   7.098895E-09   3.228460E-09
 rh  45    0.563676  -0.496324   0.885721   5.702838E-10   2.593556E-10
 pd  46    1.582314  -0.067686   1.314359   6.132499E-09   2.788958E-09
 ag  47    0.775894  -0.424106   0.957939   9.764063E-10   4.440533E-10
 cd  48    1.732176   0.022176   1.404221   9.168221E-09   4.169554E-09
 in  49    0.596965  -0.163035   1.219010   6.874493E-10   3.126405E-10
 sn  50    2.207165   0.137165   1.519210   2.888280E-08   1.313542E-08
 sb  51    0.709562  -0.300438   1.081607   9.373997E-10   4.263138E-10
 te  52    1.824211  -0.355789   1.026256   1.258465E-08   5.723291E-09
  i  53    0.740588  -0.809412   0.572633   1.056743E-09   4.805891E-10
 xe  54    2.123144  -0.116856   1.265189   2.647854E-08   1.204200E-08
 cs  55    0.773325  -0.306675   1.075370   1.193313E-09   5.426987E-10
 ba  56    2.800183   0.620183   2.002228   1.312842E-07   5.970586E-08
 la  57    1.726320   0.556320   1.938365   1.119212E-08   5.089990E-09
 ce  58    2.274929   0.694929   2.076974   3.996049E-08   1.817336E-08
 pr  59    1.222968   0.462968   1.845013   3.562581E-09   1.620203E-09
 nd  60    1.922384   0.472384   1.854429   1.819327E-08   8.273995E-09
 sm  62    1.186074   0.246074   1.628119   3.466769E-09   1.576629E-09
 eu  63    0.134356  -0.375644   1.006401   3.132766E-10   1.424730E-10
 gd  64    1.045719  -0.004281   1.377764   2.635840E-09   1.198736E-09
 tb  65    0.092626  -0.227374   1.154671   2.975778E-10   1.353334E-10
 dy  66    1.187474   0.057474   1.439519   3.789027E-09   1.723187E-09
 ho  67    0.153107  -0.316893   1.065151   3.549508E-10   1.614257E-10
 er  68    1.016637   0.096637   1.478682   2.633519E-09   1.197681E-09
 tm  69    0.057294  -0.062706   1.319339   2.915803E-10   1.326059E-10
 yb  70    1.361395   0.441395   1.823440   6.008159E-09   2.732411E-09
 lu  71    0.416831   0.326831   1.708876   6.926030E-10   3.149843E-10
 hf  72    1.278877   0.568877   1.950922   5.147845E-09   2.341154E-09
 ta  73    0.320455   0.440455   1.822500   5.724157E-10   2.603251E-10
  w  74    1.247901   0.597901   1.979946   4.922978E-09   2.238889E-09
 re  75    0.314181   0.054181   1.436226   5.793650E-10   2.634856E-10
 os  76    1.207463  -0.142537   1.239508   4.605683E-09   2.094588E-09
 ir  77    0.533638  -0.786362   0.595683   9.926741E-10   4.514517E-10
 pt  78    1.268046  -0.351954   1.030091   5.463907E-09   2.484894E-09
 au  79    0.479004  -0.320996   1.061049   8.975283E-10   4.081810E-10
 hg  80    1.735516   0.565516   1.947561   1.648647E-08   7.497772E-09
 tl  81    1.573903   0.803903   2.185948   1.158674E-08   5.269455E-09
 pb  82    3.566153   1.526153   2.908198   1.156449E-06   5.259337E-07
 bi  83    2.148413   1.498413   2.880458   4.447711E-08   2.022745E-08
#  [Rb/Zr]  [ls/Fe]  [hs/Fe]  [hs/ls]  [Pb/hs]  [C+N+O/Fe]  log e(CNO)
   -0.2522   1.6100   1.9680   0.3580   0.9402      1.9562      9.5314
