#test case: AGB models
#modelname                         mass             Z   remnantmass      lifetime
[stellarmodels]
15
m1.0z001.pmz2e-3                   1.00      1.00e-03         0.667  6.764833e+09
m1.25z001.pmz2e-3                  1.25      1.00e-03         0.649  3.197914e+09
m1.5z001.pmz2e-3                   1.50      1.00e-03         0.646  1.800834e+09
m2.0z001.pmz2e-3                   2.00      1.00e-03         0.661  8.126652e+08
m2.25z001.pmz2e-3                  2.25      1.00e-03         0.673  6.213167e+08
m2.5z001.pmz2e-3                   2.50      1.00e-03         0.709  4.688660e+08
m2.75z001.pmz2e-3                  2.75      1.00e-03         0.746  3.636416e+08
m3.0z001.pmz2e-3                   3.00      1.00e-03         0.792  2.902327e+08
m3.25z001.pmz1e-3                  3.25      1.00e-03         0.843  2.385772e+08
m3.5z001.pmz1e-3                   3.50      1.00e-03         0.857  1.991625e+08
m4.0z001                           4.00      1.00e-03         0.883  1.445000e+08
m4.5z001                           4.50      1.00e-03         0.908  1.109605e+08
m5.0z001                           5.00      1.00e-03         0.938  8.775573e+07
m6.0z001                           6.00      1.00e-03         1.015  5.980993e+07
m7.0z001                           7.00      1.00e-03         1.145  4.389417e+07

#species      type m1.0z001.pmz2 m1.25z001.pmz m1.5z001.pmz2 m2.0z001.pmz2 m2.25z001.pmz m2.5z001.pmz2 m2.75z001.pmz m3.0z001.pmz2 m3.25z001.pmz m3.5z001.pmz1      m4.0z001      m4.5z001      m5.0z001      m6.0z001      m7.0z001
[yields]
n         absolute  0.000000e+00  0.000000e+00  0.000000e+00  0.000000e+00  0.000000e+00  0.000000e+00  0.000000e+00  0.000000e+00  0.000000e+00  0.000000e+00  0.000000e+00  0.000000e+00  0.000000e+00  0.000000e+00  0.000000e+00
p         absolute  2.405048e-01  4.274051e-01  6.019402e-01  9.155951e-01  1.069934e+00  1.230897e+00  1.389555e+00  1.549939e+00  1.712364e+00  1.853346e+00  2.002676e+00  2.271082e+00  2.546802e+00  3.151776e+00  3.768744e+00
d         relative  4.821808e-07  7.016157e-07  8.088117e-07  4.187881e-08  1.578057e-08  1.207268e-08  1.368255e-08  1.260696e-08  1.260668e-08  1.441489e-08  1.590023e-08  1.669320e-08  1.429337e-08  2.636947e-08  4.162431e-08
he3       absolute  9.589926e-05  1.622580e-04  2.251118e-04  2.530221e-04  2.534844e-04  2.704166e-04  2.696347e-04  2.518505e-04  5.396301e-06  4.838386e-05  1.390510e-06  1.026042e-06  1.020796e-06  6.849157e-07  3.785260e-07
he4       absolute  9.167417e-02  1.708890e-01  2.448399e-01  4.021645e-01  4.789088e-01  5.297311e-01  5.833072e-01  6.275285e-01  6.703065e-01  7.616188e-01  1.045320e+00  1.255432e+00  1.454930e+00  1.794267e+00  2.070186e+00
li7       absolute  2.870605e-10  3.535477e-10  3.717476e-10  3.111365e-10  2.176175e-10  4.407293e-11  8.277103e-10  1.013436e-07  2.285185e-09  3.356139e-08  5.456780e-11  6.358736e-12  3.632646e-12  5.182187e-12  1.619714e-11
be7       absolute  7.935580e-12  1.925352e-12  5.818627e-13  1.824764e-13  6.258259e-14  4.068082e-14  9.275068e-12  1.742716e-09  1.565231e-10  1.221112e-08  1.524237e-10  1.030366e-11  3.183208e-12  1.202905e-12  1.216493e-11
b8        absolute  9.201683e-26  1.239902e-25  1.238712e-26  7.524031e-28  3.200669e-28  3.478163e-29  6.188762e-28  1.943963e-25  2.054654e-18  3.120601e-24  3.890708e-26  1.639302e-27  7.387782e-28  6.487781e-28  1.003195e-26
c12       absolute  2.474279e-04  1.670153e-03  5.079017e-03  1.677443e-02  2.246454e-02  2.367012e-02  2.426059e-02  2.222345e-02  1.660413e-02  1.205709e-02  2.376833e-03  3.067079e-03  2.768361e-03  2.182318e-03  1.031458e-03
c13       absolute  2.011889e-06  3.436814e-06  4.805851e-06  7.045854e-06  8.061673e-06  9.771223e-06  1.218396e-05  2.172983e-04  1.566738e-03  2.564139e-03  5.570480e-04  5.976507e-04  5.687682e-04  4.179734e-04  2.391406e-04
c14       absolute  1.385864e-09  3.166855e-09  4.636926e-09  8.438675e-09  1.012214e-08  1.888470e-08  2.068056e-08  4.285937e-08  7.879509e-08  2.808139e-07  6.368875e-09  7.457822e-09  6.646596e-09  9.360401e-10  7.282654e-11
n13       absolute  0.000000e+00  0.000000e+00  0.000000e+00  0.000000e+00  0.000000e+00  0.000000e+00  0.000000e+00  0.000000e+00  0.000000e+00  0.000000e+00  0.000000e+00  0.000000e+00  0.000000e+00  0.000000e+00  0.000000e+00
n14       absolute  3.638914e-05  8.149623e-05  1.240599e-04  2.167253e-04  2.523258e-04  2.592674e-04  2.855598e-04  3.424195e-04  1.250258e-03  7.802871e-03  5.954315e-02  5.627774e-02  5.236365e-02  3.316460e-02  1.294266e-02
n15       absolute  2.625302e-08  5.587610e-08  9.202462e-08  1.170001e-07  1.003990e-07  8.798623e-08  9.594814e-08  4.024404e-08  2.483025e-08  1.491057e-07  1.231062e-06  1.330168e-06  1.447907e-06  1.528960e-06  1.929311e-06
o14       absolute  0.000000e+00  0.000000e+00  0.000000e+00  0.000000e+00  0.000000e+00  0.000000e+00  0.000000e+00  0.000000e+00  0.000000e+00  0.000000e+00  0.000000e+00  0.000000e+00  0.000000e+00  0.000000e+00  0.000000e+00
o15       absolute  0.000000e+00  0.000000e+00  0.000000e+00  0.000000e+00  0.000000e+00  0.000000e+00  0.000000e+00  0.000000e+00  0.000000e+00  0.000000e+00  0.000000e+00  0.000000e+00  0.000000e+00  0.000000e+00  0.000000e+00
o16       absolute  1.429152e-04  3.196452e-04  5.720875e-04  1.088847e-03  1.284467e-03  1.381361e-03  1.525862e-03  1.753140e-03  1.561317e-03  1.794473e-03  1.613568e-03  1.242909e-03  8.745167e-04  4.847111e-04  2.616398e-04
o17       absolute  1.865627e-07  4.586407e-07  1.790552e-06  7.247114e-06  8.946776e-06  3.828559e-06  4.752134e-06  6.291232e-06  1.207964e-06  3.777768e-06  4.199035e-06  3.645462e-06  2.903713e-06  2.118903e-06  1.459347e-06
o18       absolute  2.631032e-07  4.341329e-07  5.585643e-07  7.183406e-07  8.125559e-07  9.835840e-07  1.123678e-06  1.108693e-06  3.437222e-08  2.126664e-08  1.452768e-08  1.449731e-08  1.441146e-08  1.441705e-08  1.451579e-08
o19       absolute  0.000000e+00  0.000000e+00  0.000000e+00  0.000000e+00  0.000000e+00  0.000000e+00  0.000000e+00  0.000000e+00  0.000000e+00  0.000000e+00  0.000000e+00  0.000000e+00  0.000000e+00  0.000000e+00  0.000000e+00
f17       absolute  0.000000e+00  0.000000e+00  0.000000e+00  0.000000e+00  0.000000e+00  0.000000e+00  0.000000e+00  0.000000e+00  0.000000e+00  0.000000e+00  0.000000e+00  0.000000e+00  0.000000e+00  0.000000e+00  0.000000e+00
f18       absolute  0.000000e+00  0.000000e+00  0.000000e+00  0.000000e+00  0.000000e+00  0.000000e+00  0.000000e+00  0.000000e+00  0.000000e+00  0.000000e+00  0.000000e+00  0.000000e+00  4.212601e-41  1.843725e-41  4.914296e-37
f19       absolute  1.375815e-08  2.008065e-07  7.479624e-07  3.803438e-06  6.441567e-06  7.559355e-06  7.910466e-06  5.539389e-06  2.433446e-06  2.472595e-06  2.212054e-07  1.673773e-07  9.464984e-08  2.018776e-08  1.978272e-09
f20       absolute  0.000000e+00  0.000000e+00  0.000000e+00  0.000000e+00  0.000000e+00  0.000000e+00  0.000000e+00  0.000000e+00  0.000000e+00  0.000000e+00  0.000000e+00  0.000000e+00  0.000000e+00  0.000000e+00  0.000000e+00
ne19      absolute  0.000000e+00  0.000000e+00  0.000000e+00  0.000000e+00  0.000000e+00  0.000000e+00  0.000000e+00  0.000000e+00  0.000000e+00  0.000000e+00  0.000000e+00  0.000000e+00  0.000000e+00  0.000000e+00  0.000000e+00
ne20      absolute  2.813963e-05  5.151858e-05  7.626005e-05  1.456615e-04  1.923147e-04  2.227839e-04  2.512057e-04  2.789007e-04  2.518277e-04  2.786271e-04  3.293062e-04  3.614205e-04  3.941804e-04  4.440985e-04  5.139565e-04
ne21      absolute  1.188610e-07  2.744723e-07  4.800723e-07  1.502018e-06  2.508901e-06  3.635322e-06  5.489224e-06  6.889601e-06  3.617917e-06  4.480205e-06  5.620174e-07  5.650923e-07  2.899107e-07  1.367804e-07  4.529377e-08
ne22      absolute  7.356957e-06  1.445470e-04  5.573927e-04  2.428654e-03  3.586765e-03  3.965528e-03  4.208986e-03  4.099760e-03  2.299187e-03  2.554393e-03  2.881689e-03  2.177126e-03  1.623217e-03  4.973935e-04  8.180868e-05
ne23      absolute  0.000000e+00  0.000000e+00  0.000000e+00  0.000000e+00  0.000000e+00  0.000000e+00  0.000000e+00  0.000000e+00  0.000000e+00  0.000000e+00  0.000000e+00  0.000000e+00  0.000000e+00  0.000000e+00  0.000000e+00
na21      absolute  0.000000e+00  0.000000e+00  0.000000e+00  0.000000e+00  0.000000e+00  0.000000e+00  0.000000e+00  0.000000e+00  0.000000e+00  0.000000e+00  0.000000e+00  0.000000e+00  0.000000e+00  0.000000e+00  0.000000e+00
na22      absolute  0.000000e+00  0.000000e+00  0.000000e+00  0.000000e+00  0.000000e+00  0.000000e+00  0.000000e+00  0.000000e+00  0.000000e+00  0.000000e+00  0.000000e+00  0.000000e+00  0.000000e+00  0.000000e+00  0.000000e+00
na23      absolute  7.866529e-07  2.659192e-06  8.186751e-06  3.915041e-05  5.544122e-05  4.641780e-05  4.750779e-05  5.396324e-05  3.622186e-05  4.378944e-05  8.178697e-05  6.642156e-05  4.650990e-05  1.338962e-05  2.809766e-06
na24      absolute  0.000000e+00  0.000000e+00  0.000000e+00  0.000000e+00  0.000000e+00  0.000000e+00  0.000000e+00  0.000000e+00  0.000000e+00  0.000000e+00  3.576350e-40  1.846900e-41  1.593206e-37  1.201602e-38  1.609993e-34
mg23      absolute  0.000000e+00  0.000000e+00  0.000000e+00  0.000000e+00  0.000000e+00  0.000000e+00  0.000000e+00  0.000000e+00  0.000000e+00  0.000000e+00  0.000000e+00  0.000000e+00  0.000000e+00  0.000000e+00  0.000000e+00
mg24      absolute  1.344579e-05  2.521349e-05  3.890985e-05  7.577016e-05  9.480544e-05  1.001771e-04  1.035303e-04  1.093381e-04  1.085634e-04  1.194814e-04  1.162924e-04  7.979406e-05  2.026931e-05  2.784371e-06  1.002844e-06
mg25      absolute  1.746035e-06  3.393181e-06  5.765380e-06  1.870611e-05  3.499043e-05  6.718412e-05  1.153264e-04  1.708854e-04  1.330258e-04  1.535175e-04  3.262452e-04  3.341209e-04  3.224261e-04  2.240936e-04  1.842037e-04
mg26      absolute  2.051033e-06  3.889683e-06  6.099081e-06  1.362588e-05  2.119846e-05  4.367231e-05  9.706538e-05  1.898161e-04  1.679523e-04  2.025062e-04  4.717015e-04  4.279289e-04  3.146962e-04  1.704525e-04  5.011095e-05
mg27      absolute  0.000000e+00  0.000000e+00  0.000000e+00  0.000000e+00  0.000000e+00  0.000000e+00  0.000000e+00  0.000000e+00  0.000000e+00  0.000000e+00  0.000000e+00  0.000000e+00  0.000000e+00  0.000000e+00  0.000000e+00
al25      absolute  0.000000e+00  0.000000e+00  0.000000e+00  0.000000e+00  0.000000e+00  0.000000e+00  0.000000e+00  0.000000e+00  0.000000e+00  0.000000e+00  0.000000e+00  0.000000e+00  0.000000e+00  0.000000e+00  0.000000e+00
al-6      relative  0.000000e+00  0.000000e+00  0.000000e+00  0.000000e+00  0.000000e+00  0.000000e+00  0.000000e+00  0.000000e+00  0.000000e+00  0.000000e+00  0.000000e+00  0.000000e+00  0.000000e+00  0.000000e+00  0.000000e+00
al*6      relative  0.000000e+00  0.000000e+00  0.000000e+00  0.000000e+00  0.000000e+00  0.000000e+00  0.000000e+00  0.000000e+00  0.000000e+00  0.000000e+00  0.000000e+00  0.000000e+00  0.000000e+00  0.000000e+00  0.000000e+00
al27      absolute  1.304943e-06  2.413794e-06  3.549084e-06  6.342559e-06  8.548933e-06  1.279980e-05  1.776494e-05  2.056540e-05  1.533716e-05  1.689504e-05  5.171532e-05  6.216634e-05  7.366493e-05  1.040488e-04  9.173828e-05
al28      absolute  0.000000e+00  0.000000e+00  0.000000e+00  0.000000e+00  0.000000e+00  0.000000e+00  0.000000e+00  0.000000e+00  0.000000e+00  0.000000e+00  0.000000e+00  0.000000e+00  0.000000e+00  0.000000e+00  0.000000e+00
si27      absolute  0.000000e+00  0.000000e+00  0.000000e+00  0.000000e+00  0.000000e+00  0.000000e+00  0.000000e+00  0.000000e+00  0.000000e+00  0.000000e+00  0.000000e+00  0.000000e+00  0.000000e+00  0.000000e+00  0.000000e+00
si28      absolute  1.491206e-05  2.695251e-05  3.833620e-05  6.031305e-05  7.136357e-05  8.271090e-05  9.661728e-05  1.138517e-04  1.194745e-04  1.319301e-04  1.613786e-04  1.808969e-04  1.986998e-04  2.434062e-04  3.378320e-04
si29      absolute  7.840052e-07  1.420710e-06  2.026994e-06  3.223168e-06  3.855965e-06  4.573475e-06  5.627803e-06  7.405312e-06  7.674551e-06  8.613191e-06  1.167757e-05  1.262308e-05  1.302366e-05  1.352517e-05  1.432449e-05
si30      absolute  5.352416e-07  9.824685e-07  1.418992e-06  2.304792e-06  2.815511e-06  3.453464e-06  4.627372e-06  6.926859e-06  7.329509e-06  8.366906e-06  1.254234e-05  1.344974e-05  1.303276e-05  1.168877e-05  1.045366e-05
p31       absolute  1.306028e-07  2.584659e-07  4.101125e-07  7.334011e-07  9.371384e-07  1.212308e-06  1.917420e-06  3.078563e-06  3.013704e-06  3.317740e-06  3.497337e-06  3.821289e-06  3.648349e-06  3.131667e-06  2.520277e-06
p32       absolute  0.000000e+00  0.000000e+00  0.000000e+00  1.443060e-31  7.489657e-33  2.246650e-35  3.515242e-36  9.782091e-35  3.083223e-31  3.591735e-32  2.725897e-29  4.607130e-29  8.907245e-28  7.994112e-27  8.659290e-24
p33       absolute  0.000000e+00  0.000000e+00  0.000000e+00  1.006818e-30  3.409159e-32  1.273570e-34  1.528896e-35  4.551392e-34  3.718514e-32  6.461584e-32  1.973322e-29  1.283728e-28  4.372475e-27  1.603553e-23  5.074319e-22
s32       absolute  7.139840e-06  1.287322e-05  1.826126e-05  2.856035e-05  3.355828e-05  3.805804e-05  4.264216e-05  4.695543e-05  5.144253e-05  5.634758e-05  6.471479e-05  7.502521e-05  8.533570e-05  1.059047e-04  1.254132e-04
s33       absolute  5.905160e-08  1.073508e-07  1.543708e-07  2.513434e-07  3.006508e-07  3.408407e-07  3.840588e-07  4.268558e-07  4.567365e-07  4.964599e-07  5.723941e-07  6.548211e-07  7.333839e-07  8.913323e-07  1.040236e-06
s34       absolute  3.430534e-07  6.246293e-07  8.945376e-07  1.427594e-06  1.715899e-06  2.002985e-06  2.358205e-06  3.545085e-06  3.356109e-06  4.035791e-06  3.884698e-06  4.349806e-06  4.741600e-06  5.424974e-06  6.023012e-06
s35       absolute  3.212087e-42  0.000000e+00  0.000000e+00  8.215870e-26  1.636109e-27  7.517900e-30  8.138135e-31  1.993428e-29  3.009933e-25  6.732117e-24  1.764184e-22  1.230297e-21  7.011982e-21  7.169987e-19  4.080312e-18
s36       absolute  1.735719e-09  4.130227e-09  7.555130e-09  1.550005e-08  2.233486e-08  3.257183e-08  5.322993e-08  2.745149e-07  2.445716e-07  3.493085e-07  1.184078e-07  1.229108e-07  1.157548e-07  9.440729e-08  5.689103e-08
cl35      absolute  7.323135e-08  1.317011e-07  1.862793e-07  2.891914e-07  3.386064e-07  3.831177e-07  4.291261e-07  5.008002e-07  5.392211e-07  6.040625e-07  6.692624e-07  7.774855e-07  8.849932e-07  1.114629e-06  1.373959e-06
cl36      absolute  0.000000e+00  0.000000e+00  0.000000e+00  0.000000e+00  0.000000e+00  0.000000e+00  0.000000e+00  0.000000e+00  0.000000e+00  0.000000e+00  0.000000e+00  0.000000e+00  0.000000e+00  0.000000e+00  0.000000e+00
cl37      absolute  2.521794e-08  4.968480e-08  7.796846e-08  1.499708e-07  1.885240e-07  2.165103e-07  2.399433e-07  2.644142e-07  2.589622e-07  2.854445e-07  3.879251e-07  4.113027e-07  4.361538e-07  4.574911e-07  4.743483e-07
ar36      absolute  1.363381e-06  2.450947e-06  3.465223e-06  5.378515e-06  6.289485e-06  7.094740e-06  7.884811e-06  8.673552e-06  9.562907e-06  1.050778e-05  1.201670e-05  1.400529e-05  1.600233e-05  2.004909e-05  2.388125e-05
ar37      absolute  1.949757e-42  0.000000e+00  0.000000e+00  2.122028e-25  6.554435e-27  2.525388e-29  2.831628e-30  8.714701e-29  1.806199e-26  1.618331e-26  1.536870e-23  3.721693e-23  1.147786e-22  7.653693e-22  1.286650e-20
ar38      absolute  2.620551e-07  4.768622e-07  6.823330e-07  1.092480e-06  1.305950e-06  1.506749e-06  1.706561e-06  1.883284e-06  2.011077e-06  2.204431e-06  2.727970e-06  3.077186e-06  3.424890e-06  4.049994e-06  4.641077e-06
ar39      absolute  0.000000e+00  0.000000e+00  0.000000e+00  0.000000e+00  0.000000e+00  0.000000e+00  0.000000e+00  0.000000e+00  0.000000e+00  0.000000e+00  0.000000e+00  0.000000e+00  0.000000e+00  0.000000e+00  0.000000e+00
ar40      absolute  4.607607e-10  1.904774e-09  4.327927e-09  7.393773e-09  1.272365e-08  1.892950e-08  3.145877e-08  5.737173e-08  5.925707e-08  6.841867e-08  1.495094e-07  1.498615e-07  1.341656e-07  8.502145e-08  2.989267e-08
k39       absolute  7.104730e-08  1.289726e-07  1.839440e-07  2.901115e-07  3.437612e-07  3.928304e-07  4.471851e-07  5.032238e-07  5.438909e-07  5.974097e-07  7.441628e-07  8.405323e-07  9.342303e-07  1.102722e-06  1.263142e-06
k40       absolute  1.754663e-11  2.008176e-10  6.556540e-10  2.336665e-09  3.397115e-09  3.008581e-09  2.142642e-09  1.144096e-09  6.857423e-10  6.772441e-10  1.356674e-09  1.196663e-09  1.220604e-09  1.290755e-09  1.260095e-09
k41       absolute  5.461681e-09  1.028783e-08  1.574299e-08  2.848438e-08  3.509071e-08  3.873774e-08  4.146336e-08  4.401594e-08  4.585470e-08  5.041863e-08  6.697086e-08  7.443428e-08  8.130882e-08  9.437853e-08  1.050052e-07
ca40      absolute  1.229074e-06  2.210476e-06  3.126863e-06  4.862109e-06  5.691951e-06  6.428152e-06  7.146355e-06  7.851039e-06  8.642308e-06  9.493358e-06  1.088351e-05  1.267027e-05  1.446689e-05  1.809763e-05  2.153614e-05
ca41      absolute  0.000000e+00  0.000000e+00  0.000000e+00  0.000000e+00  0.000000e+00  0.000000e+00  0.000000e+00  0.000000e+00  0.000000e+00  0.000000e+00  0.000000e+00  0.000000e+00  0.000000e+00  0.000000e+00  0.000000e+00
ca42      absolute  8.661140e-09  1.604453e-08  2.357974e-08  3.980233e-08  4.892069e-08  5.714196e-08  6.439343e-08  6.997495e-08  7.266235e-08  7.969037e-08  1.035905e-07  1.152096e-07  1.247089e-07  1.411681e-07  1.553844e-07
ca43      absolute  1.848620e-09  3.432288e-09  5.035507e-09  8.483241e-09  1.050772e-08  1.262384e-08  1.463594e-08  1.613858e-08  1.649770e-08  1.807123e-08  2.430547e-08  2.670021e-08  2.846578e-08  3.122020e-08  3.345567e-08
ca44      absolute  2.912108e-08  5.291745e-08  7.568725e-08  1.198643e-07  1.419710e-07  1.611501e-07  1.820098e-07  2.044862e-07  2.213995e-07  2.431453e-07  2.950791e-07  3.360344e-07  3.746472e-07  4.474497e-07  5.153540e-07
ca45      absolute  4.377272e-42  0.000000e+00  0.000000e+00  4.378102e-26  7.783442e-28  3.920401e-30  4.199045e-31  2.782132e-26  6.575170e-22  2.723602e-21  2.440995e-20  2.246931e-19  8.548590e-19  2.194646e-17  2.121606e-16
ca46      absolute  7.398429e-11  4.707181e-10  1.311632e-09  3.530857e-09  5.381966e-09  6.242887e-09  8.993932e-09  1.615901e-08  1.644634e-08  1.889046e-08  3.708820e-08  3.696089e-08  3.247331e-08  1.975087e-08  6.288674e-09
ca47      absolute  0.000000e+00  0.000000e+00  0.000000e+00  4.993404e-37  3.525882e-38  6.009546e-41  1.543724e-41  1.267013e-40  7.930151e-36  3.970564e-37  2.415467e-34  9.797741e-35  1.795158e-32  1.269409e-32  8.604619e-29
ca48      absolute  2.845994e-09  5.132085e-09  7.280960e-09  1.138786e-08  1.339889e-08  1.522064e-08  1.729484e-08  2.412358e-08  2.343258e-08  2.812088e-08  2.994546e-08  3.443549e-08  3.710746e-08  4.429772e-08  5.058015e-08
sc45      absolute  8.281640e-10  1.587997e-09  2.419360e-09  4.491057e-09  5.956942e-09  7.576732e-09  9.377813e-09  1.160760e-08  1.134327e-08  1.237227e-08  1.988266e-08  2.039577e-08  1.994023e-08  1.831321e-08  1.648002e-08
sc46      absolute  3.931628e-44  0.000000e+00  0.000000e+00  3.309746e-27  8.189037e-29  3.510000e-31  4.269073e-32  9.819127e-31  2.291111e-29  1.502418e-28  1.223737e-26  2.319345e-26  1.535125e-25  1.036414e-22  5.498140e-21
sc47      absolute  0.000000e+00  0.000000e+00  0.000000e+00  1.386535e-36  9.719844e-38  1.943348e-40  4.415569e-41  3.634830e-40  2.277924e-34  6.970388e-36  3.363839e-32  8.376533e-33  6.750409e-30  1.211506e-29  4.032522e-27
sc48      absolute  5.178330e-31  9.337906e-31  1.324782e-30  2.072039e-30  2.437949e-30  2.769418e-30  3.146823e-30  4.389323e-30  4.263593e-30  5.116637e-30  5.448623e-30  6.265589e-30  6.751759e-30  8.060038e-30  9.203136e-30
ti46      absolute  5.018141e-09  9.106245e-09  1.301183e-08  2.044546e-08  2.397398e-08  2.668368e-08  2.973127e-08  3.329035e-08  3.667046e-08  4.033989e-08  4.752393e-08  5.482475e-08  6.198553e-08  7.543743e-08  8.817316e-08
ti47      absolute  4.619505e-09  8.344583e-09  1.184949e-08  1.843354e-08  2.167885e-08  2.441415e-08  2.737742e-08  3.110173e-08  3.426468e-08  3.777069e-08  4.496825e-08  5.170972e-08  5.791036e-08  6.999285e-08  8.125987e-08
ti48      absolute  4.673118e-08  8.395036e-08  1.184729e-07  1.822964e-07  2.123513e-07  2.391418e-07  2.671275e-07  2.976084e-07  3.295875e-07  3.626226e-07  4.162532e-07  4.849180e-07  5.525083e-07  6.895075e-07  8.189041e-07
ti49      absolute  3.543779e-09  6.700651e-09  1.028466e-08  1.935629e-08  2.468240e-08  2.729385e-08  2.748112e-08  2.833225e-08  2.965351e-08  3.296306e-08  4.167154e-08  4.696337e-08  5.082632e-08  5.839028e-08  6.452400e-08
ti50      absolute  3.486659e-09  7.693059e-09  1.396328e-08  3.128138e-08  4.221752e-08  4.786331e-08  5.120465e-08  5.474142e-08  5.093905e-08  5.433545e-08  6.346958e-08  6.740074e-08  6.961976e-08  6.806029e-08  6.504753e-08
v51       absolute  7.537469e-09  1.357468e-08  1.922401e-08  2.983380e-08  3.503996e-08  3.988629e-08  4.477085e-08  4.988944e-08  5.464756e-08  5.992654e-08  6.830695e-08  7.927375e-08  9.008695e-08  1.115408e-07  1.318157e-07
cr52      absolute  3.091979e-07  5.564593e-07  7.878598e-07  1.226831e-06  1.436679e-06  1.620846e-06  1.800624e-06  1.979913e-06  2.179881e-06  2.394062e-06  2.738150e-06  3.188289e-06  3.640510e-06  4.554088e-06  5.418852e-06
cr53      absolute  3.572966e-08  6.429839e-08  9.103573e-08  1.421148e-07  1.669989e-07  1.889213e-07  2.095935e-07  2.297879e-07  2.525477e-07  2.772915e-07  3.177185e-07  3.695498e-07  4.211844e-07  5.250186e-07  6.235046e-07
cr54      absolute  9.170574e-09  1.776519e-08  2.735185e-08  5.245060e-08  6.894517e-08  8.703597e-08  1.024539e-07  1.072714e-07  1.014216e-07  1.083847e-07  1.523008e-07  1.585645e-07  1.668495e-07  1.698694e-07  1.731739e-07
mn55      absolute  2.705843e-07  4.894727e-07  7.023494e-07  1.132133e-06  1.331712e-06  1.450734e-06  1.573083e-06  1.717966e-06  1.895222e-06  2.081666e-06  2.390266e-06  2.784079e-06  3.190482e-06  4.020130e-06  4.800900e-06
fe54      absolute  1.777773e-06  3.188859e-06  4.490360e-06  6.876982e-06  7.988808e-06  9.003146e-06  1.006954e-05  1.118485e-05  1.240125e-05  1.363443e-05  1.552468e-05  1.813534e-05  2.074347e-05  2.603789e-05  3.106104e-05
fe55      absolute  2.628159e-26  4.741565e-27  4.502254e-29  3.105520e-21  5.636480e-23  4.178531e-21  1.155210e-19  1.709469e-18  2.794223e-18  1.545792e-16  3.319917e-19  1.464132e-18  5.770084e-18  5.458870e-17  2.728299e-15
fe56      absolute  2.896131e-05  5.208304e-05  7.365374e-05  1.143628e-04  1.336824e-04  1.506165e-04  1.671970e-04  1.838523e-04  2.028665e-04  2.229196e-04  2.546497e-04  2.969653e-04  3.394568e-04  4.256868e-04  5.073039e-04
fe57      absolute  6.860000e-07  1.269753e-06  1.886804e-06  3.421595e-06  4.305079e-06  4.865614e-06  4.986913e-06  4.878089e-06  5.073240e-06  5.536833e-06  6.607783e-06  7.537161e-06  8.495000e-06  1.039600e-05  1.215687e-05
fe58      absolute  9.716486e-08  2.375842e-07  4.261137e-07  1.174367e-06  1.852121e-06  2.969478e-06  3.729347e-06  3.223995e-06  2.293326e-06  2.341869e-06  4.164841e-06  3.898966e-06  3.763276e-06  2.906291e-06  2.112564e-06
fe59      absolute  7.515767e-43  0.000000e+00  0.000000e+00  1.062065e-25  1.959333e-27  1.019035e-29  1.492656e-30  1.571964e-29  6.869111e-28  3.061088e-27  2.090099e-24  9.227346e-24  1.211723e-22  4.065133e-20  1.352366e-18
fe60      absolute  0.000000e+00  0.000000e+00  0.000000e+00  0.000000e+00  0.000000e+00  0.000000e+00  0.000000e+00  0.000000e+00  0.000000e+00  0.000000e+00  0.000000e+00  0.000000e+00  0.000000e+00  0.000000e+00  0.000000e+00
co59      relative  7.212333e-08  1.460890e-07  2.268074e-07  4.538235e-07  6.256577e-07  9.573378e-07  1.409802e-06  1.513684e-06  1.197877e-06  1.237560e-06  2.119057e-06  2.020445e-06  2.002526e-06  1.695650e-06  1.459210e-06
co60      relative  0.000000e+00  0.000000e+00  0.000000e+00  0.000000e+00  0.000000e+00  0.000000e+00  0.000000e+00  0.000000e+00  0.000000e+00  0.000000e+00  0.000000e+00  0.000000e+00  0.000000e+00  0.000000e+00  0.000000e+00
ni58      relative  1.016539e-06  1.823224e-06  2.566969e-06  3.928023e-06  4.559068e-06  5.136864e-06  5.750739e-06  6.393098e-06  7.089854e-06  7.795038e-06  8.874465e-06  1.036805e-05  1.186442e-05  1.490521e-05  1.778778e-05
ni59      relative  0.000000e+00  0.000000e+00  0.000000e+00  0.000000e+00  0.000000e+00  0.000000e+00  0.000000e+00  0.000000e+00  0.000000e+00  0.000000e+00  0.000000e+00  0.000000e+00  0.000000e+00  0.000000e+00  0.000000e+00
ni60      relative  4.059044e-07  7.463559e-07  1.076774e-06  1.709439e-06  2.072757e-06  2.519045e-06  3.443361e-06  4.791127e-06  4.899977e-06  5.332390e-06  9.255200e-06  9.355642e-06  9.402026e-06  8.446084e-06  7.756450e-06
ni61      relative  1.824230e-08  3.921984e-08  6.289076e-08  1.265160e-07  1.746212e-07  2.348434e-07  3.396548e-07  4.749260e-07  4.427052e-07  4.722907e-07  9.489165e-07  9.089980e-07  8.851574e-07  6.397936e-07  4.244607e-07
ni62      relative  5.869109e-08  1.315944e-07  2.079463e-07  3.578610e-07  4.928199e-07  6.562993e-07  9.551658e-07  1.375370e-06  1.455648e-06  1.615443e-06  3.553532e-06  3.502901e-06  3.387705e-06  2.423063e-06  1.450773e-06
ni63      relative  0.000000e+00  0.000000e+00  0.000000e+00  0.000000e+00  0.000000e+00  0.000000e+00  0.000000e+00  0.000000e+00  0.000000e+00  0.000000e+00  0.000000e+00  0.000000e+00  0.000000e+00  0.000000e+00  0.000000e+00
ni64      relative  1.564913e-08  4.762206e-08  8.888134e-08  1.255332e-07  1.941955e-07  2.080520e-07  3.658861e-07  6.022569e-07  6.860781e-07  8.055011e-07  2.277419e-06  2.324828e-06  2.107573e-06  1.431636e-06  6.115204e-07
cu63      relative  1.270256e-08  2.979380e-08  4.631082e-08  7.330575e-08  1.025838e-07  1.477560e-07  2.469186e-07  3.732339e-07  4.126745e-07  4.676319e-07  1.131092e-06  1.126177e-06  1.065888e-06  7.325252e-07  3.736258e-07
cu64      relative  0.000000e+00  0.000000e+00  0.000000e+00  0.000000e+00  0.000000e+00  0.000000e+00  0.000000e+00  0.000000e+00  0.000000e+00  0.000000e+00  0.000000e+00  0.000000e+00  1.348065e-38  2.106375e-39  2.765499e-35
cu65      relative  5.907575e-09  1.528648e-08  2.766922e-08  4.035491e-08  5.883242e-08  5.783490e-08  8.473169e-08  1.288728e-07  1.459887e-07  1.712157e-07  4.601545e-07  4.764206e-07  4.354785e-07  3.184815e-07  1.689202e-07
zn64      relative  2.158966e-08  3.966216e-08  5.705144e-08  8.742670e-08  1.026186e-07  1.103844e-07  1.228313e-07  1.364332e-07  1.511703e-07  1.662354e-07  1.909190e-07  2.218684e-07  2.534442e-07  3.169329e-07  3.772539e-07
zn65      relative  3.463922e-39  2.914118e-40  0.000000e+00  3.890502e-24  6.418802e-26  3.116088e-28  3.266089e-29  2.015410e-26  6.027752e-23  2.602084e-22  3.765186e-22  7.019203e-21  3.445450e-20  2.682505e-18  3.221804e-17
zn66      relative  1.289247e-08  2.751334e-08  4.533576e-08  6.819725e-08  9.316492e-08  9.823753e-08  1.252964e-07  1.686566e-07  1.884713e-07  2.184248e-07  5.171576e-07  5.475503e-07  5.119148e-07  4.212659e-07  2.912841e-07
zn67      relative  1.933331e-09  4.399910e-09  7.655260e-09  1.151172e-08  1.648284e-08  1.730683e-08  2.254585e-08  3.120322e-08  3.481526e-08  4.076091e-08  1.055713e-07  1.111767e-07  1.017629e-07  7.957242e-08  4.855007e-08
zn68      relative  9.008739e-09  2.078647e-08  3.820188e-08  5.730344e-08  8.515883e-08  9.562261e-08  1.306605e-07  1.779028e-07  1.917194e-07  2.266058e-07  6.406064e-07  6.791602e-07  6.072298e-07  4.609293e-07  2.529048e-07
zn69      relative  0.000000e+00  0.000000e+00  0.000000e+00  0.000000e+00  0.000000e+00  0.000000e+00  0.000000e+00  0.000000e+00  0.000000e+00  0.000000e+00  0.000000e+00  0.000000e+00  0.000000e+00  0.000000e+00  0.000000e+00
zn70      relative  3.016390e-10  5.558154e-10  8.210801e-10  1.271093e-09  1.556728e-09  1.844191e-09  2.550579e-09  3.485790e-09  3.445255e-09  3.846902e-09  8.552263e-09  8.767046e-09  7.467957e-09  6.684715e-09  5.917264e-09
ga69      relative  8.395396e-10  2.174351e-09  4.423564e-09  6.554099e-09  1.023130e-08  1.144340e-08  1.622434e-08  2.245004e-08  2.385893e-08  2.844693e-08  8.598372e-08  9.080308e-08  8.006846e-08  5.814820e-08  2.784231e-08
ga70      relative  0.000000e+00  0.000000e+00  0.000000e+00  0.000000e+00  0.000000e+00  0.000000e+00  0.000000e+00  0.000000e+00  0.000000e+00  0.000000e+00  0.000000e+00  0.000000e+00  0.000000e+00  0.000000e+00  0.000000e+00
ga71      relative  5.845910e-10  1.672152e-09  3.795843e-09  5.661370e-09  8.709602e-09  9.143314e-09  1.329530e-08  1.874090e-08  1.966964e-08  2.360510e-08  7.425922e-08  7.900299e-08  6.961615e-08  4.904323e-08  2.100884e-08
ge70      relative  9.519295e-10  2.738996e-09  6.130609e-09  9.190392e-09  1.458601e-08  1.586433e-08  2.300988e-08  3.202620e-08  3.354952e-08  4.023144e-08  1.270816e-07  1.343676e-07  1.176362e-07  8.348041e-08  3.638357e-08
ge71      relative  0.000000e+00  0.000000e+00  0.000000e+00  1.119006e-30  6.292836e-32  1.385793e-34  2.430339e-35  4.957847e-34  1.954246e-31  8.542874e-32  2.586224e-29  3.542812e-29  1.188807e-27  1.949128e-27  8.268449e-24
ge72      relative  1.283759e-09  3.334576e-09  7.274692e-09  1.148650e-08  1.745979e-08  1.795980e-08  2.466004e-08  3.363177e-08  3.473418e-08  4.137966e-08  1.267037e-07  1.350353e-07  1.196978e-07  8.748464e-08  4.200462e-08
ge73      relative  3.654607e-10  9.490726e-10  2.086165e-09  3.367365e-09  5.175859e-09  5.338952e-09  7.269228e-09  9.896832e-09  1.015414e-08  1.209393e-08  3.747446e-08  3.989066e-08  3.520051e-08  2.577353e-08  1.230414e-08
ge74      relative  1.739264e-09  4.327516e-09  9.466923e-09  1.577354e-08  2.417083e-08  2.633432e-08  3.421896e-08  4.573320e-08  4.567721e-08  5.403555e-08  1.661757e-07  1.762189e-07  1.548681e-07  1.136956e-07  5.566517e-08
as75      relative  2.504223e-10  5.589443e-10  1.095794e-09  1.795897e-09  2.625783e-09  2.896034e-09  3.675371e-09  4.798477e-09  4.847347e-09  5.680332e-09  1.615431e-08  1.721481e-08  1.535802e-08  1.180306e-08  6.674061e-09
se76      relative  2.812488e-10  8.865158e-10  2.360748e-09  4.100544e-09  6.628350e-09  7.326253e-09  9.586651e-09  1.307860e-08  1.271078e-08  1.515934e-08  5.075573e-08  5.352289e-08  4.625205e-08  3.221432e-08  1.296860e-08
se77      relative  2.200049e-10  5.452602e-10  1.211259e-09  2.050554e-09  3.117589e-09  3.481695e-09  4.440530e-09  5.901226e-09  5.815207e-09  6.861500e-09  2.116049e-08  2.242832e-08  1.967878e-08  1.437766e-08  6.991547e-09
se78      relative  7.350949e-10  2.266728e-09  6.155903e-09  1.126796e-08  1.783837e-08  2.014833e-08  2.566576e-08  3.445861e-08  3.285189e-08  3.892912e-08  1.302204e-07  1.376068e-07  1.190147e-07  8.247457e-08  3.314555e-08
se79      relative  0.000000e+00  0.000000e+00  0.000000e+00  0.000000e+00  0.000000e+00  0.000000e+00  0.000000e+00  0.000000e+00  0.000000e+00  0.000000e+00  0.000000e+00  0.000000e+00  0.000000e+00  0.000000e+00  0.000000e+00
se80      relative  1.513777e-09  3.833675e-09  9.145333e-09  1.734054e-08  2.623138e-08  3.052385e-08  3.773175e-08  4.853493e-08  4.590494e-08  5.356420e-08  1.680598e-07  1.784260e-07  1.565181e-07  1.112824e-07  5.135958e-08
br79      relative  2.423634e-10  6.423706e-10  1.561052e-09  2.835149e-09  4.364303e-09  4.957037e-09  6.236044e-09  8.254333e-09  7.925050e-09  9.334103e-09  2.995558e-08  3.175652e-08  2.767606e-08  1.966030e-08  8.755276e-09
br80      relative  0.000000e+00  0.000000e+00  0.000000e+00  0.000000e+00  0.000000e+00  0.000000e+00  0.000000e+00  0.000000e+00  0.000000e+00  0.000000e+00  0.000000e+00  0.000000e+00  0.000000e+00  0.000000e+00  0.000000e+00
br81      relative  2.388055e-10  5.777158e-10  1.318157e-09  2.478434e-09  3.689905e-09  4.301667e-09  5.289575e-09  6.748824e-09  6.407278e-09  7.451677e-09  2.281018e-08  2.425801e-08  2.139427e-08  1.543811e-08  7.521916e-09
kr80      relative  5.391371e-11  9.812540e-11  1.448376e-10  2.129901e-10  2.408298e-10  2.690372e-10  3.029758e-10  3.377890e-10  3.747039e-10  4.120321e-10  4.688847e-10  5.502221e-10  6.431230e-10  8.353677e-10  1.015038e-09
kr81      relative  2.096515e-14  6.303693e-13  3.003288e-12  1.881831e-12  5.981209e-13  2.307265e-14  1.873706e-14  1.352441e-14  5.322442e-15  8.275511e-15  8.832465e-14  8.733435e-14  3.429054e-13  2.739728e-12  1.016795e-11
kr82      relative  3.374673e-10  1.177947e-09  3.677093e-09  7.577811e-09  1.146940e-08  1.287929e-08  1.584283e-08  2.023183e-08  1.849901e-08  2.162607e-08  7.254975e-08  7.666152e-08  6.654870e-08  4.461489e-08  1.669438e-08
kr83      relative  2.955722e-10  7.279273e-10  1.715487e-09  3.380880e-09  4.866591e-09  5.448992e-09  6.602919e-09  8.274247e-09  7.802930e-09  9.030360e-09  2.744956e-08  2.925101e-08  2.590198e-08  1.865459e-08  9.125006e-09
kr84      relative  1.524421e-09  4.063637e-09  1.049193e-08  2.264677e-08  3.347122e-08  3.831559e-08  4.487948e-08  5.417114e-08  4.918446e-08  5.652536e-08  1.725571e-07  1.833106e-07  1.621420e-07  1.124309e-07  5.078908e-08
kr-5      relative  3.614625e-23  4.609914e-21  8.306656e-20  3.121320e-18  1.595214e-17  1.788566e-16  1.219794e-16  2.245564e-15  8.328599e-14  7.253276e-14  2.507834e-13  6.991323e-13  2.155961e-12  7.481275e-12  5.271047e-12
kr*5      relative  0.000000e+00  0.000000e+00  0.000000e+00  0.000000e+00  0.000000e+00  0.000000e+00  0.000000e+00  0.000000e+00  0.000000e+00  0.000000e+00  0.000000e+00  0.000000e+00  0.000000e+00  0.000000e+00  1.656565e-41
kr86      relative  4.623461e-10  2.437357e-09  7.920318e-09  1.766828e-08  3.194727e-08  1.626031e-07  2.911089e-07  3.395160e-07  2.221528e-07  2.458682e-07  3.722483e-07  4.095234e-07  3.493112e-07  2.145118e-07  6.120960e-08
rb85      relative  3.562801e-10  9.437994e-10  2.366810e-09  5.561245e-09  9.188915e-09  1.260244e-08  1.520083e-08  1.842046e-08  1.636502e-08  1.880204e-08  5.916950e-08  6.303058e-08  5.547991e-08  3.746672e-08  1.515772e-08
rb86      relative  0.000000e+00  0.000000e+00  0.000000e+00  0.000000e+00  0.000000e+00  0.000000e+00  0.000000e+00  0.000000e+00  0.000000e+00  0.000000e+00  0.000000e+00  0.000000e+00  0.000000e+00  0.000000e+00  0.000000e+00
rb87      relative  1.315217e-10  4.646584e-10  1.321994e-09  3.185177e-09  7.004913e-09  2.401753e-08  4.593672e-08  5.802158e-08  4.062423e-08  4.545261e-08  9.816527e-08  1.055274e-07  8.794718e-08  5.440187e-08  1.706849e-08
sr86      relative  1.499447e-10  6.917703e-10  2.541268e-09  5.571919e-09  7.347841e-09  6.739881e-09  7.502395e-09  8.895285e-09  7.851714e-09  9.036116e-09  2.825288e-08  2.997873e-08  2.670711e-08  1.686040e-08  5.796416e-09
sr87      relative  1.172915e-10  4.790946e-10  1.715607e-09  3.934926e-09  4.999713e-09  3.702164e-09  3.565198e-09  4.031443e-09  3.669666e-09  4.224182e-09  1.231941e-08  1.322753e-08  1.240917e-08  8.018105e-09  2.956155e-09
sr88      relative  1.360046e-09  7.321334e-09  2.533244e-08  8.132611e-08  1.177759e-07  1.326013e-07  1.454779e-07  1.555248e-07  1.079770e-07  1.180867e-07  1.890075e-07  2.063569e-07  1.775294e-07  1.131566e-07  4.073510e-08
sr89      relative  0.000000e+00  0.000000e+00  0.000000e+00  2.058064e-27  2.385355e-29  1.173436e-31  1.964471e-32  6.163497e-32  1.924745e-29  2.222327e-28  4.086230e-25  3.012451e-24  3.380491e-23  1.942870e-20  1.705679e-19
sr90      relative  1.538376e-18  1.143364e-17  4.848655e-17  8.664811e-16  2.276797e-15  1.405966e-14  1.141163e-14  1.468740e-13  7.426370e-13  6.530343e-13  1.361241e-12  2.431308e-12  4.017518e-12  7.706776e-12  4.247557e-12
y89       relative  3.494215e-10  2.069346e-09  6.895339e-09  2.333749e-08  3.474939e-08  4.145205e-08  4.490305e-08  4.747137e-08  3.224971e-08  3.494506e-08  4.623833e-08  5.103943e-08  4.335683e-08  2.749665e-08  9.916086e-09
y90       relative  3.890434e-22  2.891480e-21  1.226188e-20  2.191264e-19  5.757843e-19  3.555579e-18  2.885913e-18  3.714331e-17  1.878072e-16  1.651473e-16  3.442472e-16  6.148591e-16  1.015999e-15  1.948984e-15  1.074174e-15
y91       relative  0.000000e+00  0.000000e+00  0.000000e+00  4.444856e-32  2.586862e-33  1.122632e-35  7.486496e-37  7.867477e-35  2.067238e-29  7.715081e-28  6.232179e-25  4.859050e-24  4.332303e-23  1.616146e-20  1.156143e-19
zr90      relative  3.651222e-10  2.321818e-09  7.518837e-09  2.593028e-08  3.692939e-08  3.869833e-08  3.866895e-08  4.031374e-08  2.773722e-08  2.982048e-08  3.302659e-08  3.672720e-08  3.124281e-08  2.021573e-08  8.276023e-09
zr91      relative  8.435791e-11  6.194824e-10  2.024539e-09  7.503296e-09  1.136861e-08  1.258193e-08  1.188061e-08  1.189386e-08  8.125600e-09  8.727250e-09  9.191216e-09  1.019865e-08  8.642462e-09  5.494706e-09  2.057640e-09
zr92      relative  1.321112e-10  1.093593e-09  3.511745e-09  1.309140e-08  2.040444e-08  2.599947e-08  2.614861e-08  2.546578e-08  1.696161e-08  1.810100e-08  1.714019e-08  1.911728e-08  1.591114e-08  9.946994e-09  3.515277e-09
zr93      relative  0.000000e+00  0.000000e+00  0.000000e+00  0.000000e+00  0.000000e+00  0.000000e+00  0.000000e+00  0.000000e+00  0.000000e+00  0.000000e+00  0.000000e+00  0.000000e+00  0.000000e+00  0.000000e+00  0.000000e+00
zr94      relative  1.367738e-10  1.329348e-09  4.238494e-09  1.564296e-08  2.346875e-08  2.861249e-08  3.113107e-08  3.066526e-08  1.994803e-08  2.118750e-08  1.658923e-08  1.875409e-08  1.565855e-08  9.702568e-09  3.420447e-09
zr95      relative  0.000000e+00  0.000000e+00  0.000000e+00  1.792218e-26  2.071332e-28  1.036514e-30  1.717212e-31  3.402202e-31  1.846032e-28  3.628619e-27  1.424111e-24  1.122523e-23  9.089539e-23  2.656878e-20  1.925921e-19
zr96      relative  1.803858e-11  1.817360e-10  4.852027e-10  2.117584e-09  5.880689e-09  1.570128e-08  3.055587e-08  4.561740e-08  2.866185e-08  3.086982e-08  1.867412e-08  2.153382e-08  1.736110e-08  9.929374e-09  2.458537e-09
nb93      relative  5.223741e-11  3.572713e-10  1.099997e-09  4.020151e-09  6.237207e-09  8.190249e-09  8.494721e-09  8.253311e-09  5.506962e-09  5.872313e-09  5.389985e-09  6.044578e-09  5.054558e-09  3.240763e-09  1.284064e-09
nb94      relative  1.137120e-16  5.938059e-15  4.914820e-14  3.257048e-14  9.037754e-15  1.862204e-16  1.459916e-16  1.610291e-16  1.545882e-16  2.674956e-16  2.879446e-16  2.978964e-16  2.646439e-16  2.620430e-16  7.088165e-15
nb95      relative  0.000000e+00  0.000000e+00  0.000000e+00  2.001012e-26  2.308153e-28  1.144083e-30  1.884029e-31  3.688184e-31  2.141925e-28  4.368307e-27  1.714591e-24  1.352368e-23  1.094750e-22  3.193708e-20  2.302522e-19
mo94      relative  1.217679e-11  2.227191e-11  3.264752e-11  5.048488e-11  5.577463e-11  6.110596e-11  6.867718e-11  7.647951e-11  8.484065e-11  9.329013e-11  1.061758e-10  1.242857e-10  1.439340e-10  1.847343e-10  2.226868e-10
mo95      relative  2.642852e-11  1.664798e-10  4.945524e-10  1.952648e-09  3.109150e-09  3.843692e-09  4.101165e-09  3.919961e-09  2.527822e-09  2.673669e-09  2.174095e-09  2.443920e-09  2.061014e-09  1.415589e-09  6.657521e-10
mo96      relative  3.188487e-11  2.917230e-10  9.168958e-10  3.253627e-09  4.800656e-09  5.937436e-09  6.719155e-09  6.825941e-09  4.404780e-09  4.664462e-09  3.411929e-09  3.873519e-09  3.219826e-09  1.961370e-09  7.043612e-10
mo97      relative  1.616926e-11  1.089605e-10  3.212829e-10  1.055396e-09  1.542907e-09  2.105586e-09  2.855544e-09  3.464114e-09  2.261581e-09  2.425345e-09  1.610274e-09  1.856788e-09  1.571215e-09  9.717715e-10  3.820974e-10
mo98      relative  4.415002e-11  3.743884e-10  1.149919e-09  3.780437e-09  5.047006e-09  5.194647e-09  7.265930e-09  9.611461e-09  6.468315e-09  7.022978e-09  4.293401e-09  5.010795e-09  4.384799e-09  2.682763e-09  1.017035e-09
tc99      relative  0.000000e+00  0.000000e+00  0.000000e+00  0.000000e+00  0.000000e+00  0.000000e+00  0.000000e+00  0.000000e+00  0.000000e+00  0.000000e+00  0.000000e+00  0.000000e+00  0.000000e+00  0.000000e+00  0.000000e+00
ru99      relative  1.312509e-11  6.127474e-11  1.659589e-10  5.124935e-10  6.734474e-10  6.672339e-10  9.238136e-10  1.226721e-09  8.497696e-10  9.248017e-10  5.898918e-10  6.893499e-10  6.265102e-10  4.397668e-10  2.564010e-10
ru100     relative  1.692549e-11  1.765261e-10  5.595860e-10  1.905039e-09  2.535613e-09  2.183355e-09  2.955057e-09  4.053000e-09  2.752165e-09  3.004001e-09  1.759190e-09  2.050594e-09  1.814855e-09  1.098180e-09  3.904723e-10
ru101     relative  1.720724e-11  6.242862e-11  1.550838e-10  4.651019e-10  6.112868e-10  5.305571e-10  6.955431e-10  9.361669e-10  6.726182e-10  7.352699e-10  4.852673e-10  5.651632e-10  5.352081e-10  4.229966e-10  3.112497e-10
ru102     relative  3.718977e-11  2.712304e-10  8.189315e-10  2.816973e-09  3.867668e-09  3.087998e-09  3.734549e-09  5.127403e-09  3.515984e-09  3.847600e-09  2.267739e-09  2.603613e-09  2.355955e-09  1.556050e-09  7.527660e-10
rh103     relative  2.040507e-11  7.099990e-11  1.734424e-10  5.289157e-10  7.172960e-10  5.897867e-10  6.951168e-10  9.296942e-10  6.737778e-10  7.377777e-10  4.919403e-10  5.656898e-10  5.454068e-10  4.559493e-10  3.648015e-10
pd104     relative  1.239885e-11  1.351829e-10  4.317026e-10  1.543828e-09  2.168265e-09  1.711207e-09  1.918040e-09  2.623334e-09  1.768751e-09  1.936519e-09  1.097840e-09  1.241859e-09  1.107964e-09  6.894569e-10  2.680687e-10
pd105     relative  1.801159e-11  6.093925e-11  1.469140e-10  4.483296e-10  6.172738e-10  5.101354e-10  5.640096e-10  7.463115e-10  5.425037e-10  5.943308e-10  4.003033e-10  4.563273e-10  4.433391e-10  3.808502e-10  3.164873e-10
pd106     relative  2.559010e-11  1.784861e-10  5.337999e-10  1.865247e-09  2.645065e-09  2.159411e-09  2.243061e-09  3.007969e-09  2.043221e-09  2.237915e-09  1.308833e-09  1.463613e-09  1.333199e-09  9.179953e-10  4.955439e-10
pd107     relative  0.000000e+00  0.000000e+00  0.000000e+00  0.000000e+00  0.000000e+00  0.000000e+00  0.000000e+00  0.000000e+00  0.000000e+00  0.000000e+00  0.000000e+00  0.000000e+00  0.000000e+00  0.000000e+00  0.000000e+00
pd108     relative  2.645303e-11  2.184762e-10  6.698223e-10  2.392824e-09  3.432145e-09  2.924243e-09  2.810763e-09  3.686540e-09  2.461326e-09  2.695470e-09  1.537724e-09  1.691510e-09  1.522991e-09  1.019235e-09  5.066141e-10
ag107     relative  1.517342e-11  5.346218e-11  1.311410e-10  4.076995e-10  5.687240e-10  4.801687e-10  4.972365e-10  6.502511e-10  4.679281e-10  5.126911e-10  3.416548e-10  3.856635e-10  3.746729e-10  3.235540e-10  2.701089e-10
ag108     relative  0.000000e+00  0.000000e+00  0.000000e+00  0.000000e+00  0.000000e+00  0.000000e+00  0.000000e+00  0.000000e+00  0.000000e+00  0.000000e+00  0.000000e+00  0.000000e+00  0.000000e+00  0.000000e+00  0.000000e+00
ag109     relative  1.495748e-11  6.989553e-11  1.894485e-10  6.326801e-10  8.988387e-10  7.820774e-10  7.465923e-10  9.600836e-10  6.611101e-10  7.239674e-10  4.462286e-10  4.942989e-10  4.651344e-10  3.676257e-10  2.679157e-10
cd108     relative  8.063666e-13  1.470264e-12  2.156496e-12  3.358450e-12  3.684612e-12  4.034676e-12  4.526439e-12  5.039770e-12  5.582736e-12  6.139155e-12  7.031853e-12  8.373591e-12  1.067552e-11  1.570709e-11  2.029096e-11
cd109     relative  1.417907e-36  9.909289e-38  1.050315e-40  2.000531e-27  2.949874e-29  1.441488e-31  1.902176e-32  4.476649e-29  9.224245e-28  5.361757e-25  4.228435e-27  1.254356e-26  9.944558e-26  3.762834e-24  8.945188e-23
cd110     relative  1.632753e-11  1.790977e-10  5.671738e-10  2.078762e-09  3.012409e-09  2.678384e-09  2.427764e-09  3.108645e-09  2.035880e-09  2.229258e-09  1.229456e-09  1.333581e-09  1.182140e-09  7.569327e-10  3.242782e-10
cd111     relative  1.344993e-11  7.397841e-11  2.087540e-10  7.212920e-10  1.037185e-09  9.394323e-10  8.491122e-10  1.068172e-09  7.192631e-10  7.875553e-10  4.671444e-10  5.111941e-10  4.729740e-10  3.586186e-10  2.418198e-10
cd112     relative  2.852425e-11  2.435833e-10  7.436936e-10  2.714182e-09  3.969284e-09  3.721475e-09  3.238846e-09  3.989470e-09  2.601568e-09  2.848386e-09  1.575229e-09  1.701292e-09  1.519463e-09  1.033990e-09  5.393143e-10
cd113     relative  1.326979e-11  8.048871e-11  2.311111e-10  8.181042e-10  1.193247e-09  1.133934e-09  9.850317e-10  1.197144e-09  7.915991e-10  8.666654e-10  4.977001e-10  5.405458e-10  4.943890e-10  3.689046e-10  2.407847e-10
cd114     relative  3.571346e-11  3.470383e-10  1.070017e-09  3.980627e-09  5.920875e-09  5.874064e-09  5.015878e-09  5.847201e-09  3.734246e-09  4.089096e-09  2.155459e-09  2.319960e-09  2.038909e-09  1.361756e-09  6.767258e-10
in115     relative  1.190221e-11  7.574465e-11  2.181114e-10  7.828402e-10  1.159792e-09  1.161988e-09  9.973425e-10  1.148581e-09  7.457245e-10  8.166215e-10  4.502484e-10  4.885782e-10  4.420759e-10  3.290717e-10  2.146736e-10
sn116     relative  4.341464e-11  4.847588e-10  1.501495e-09  5.647208e-09  8.496423e-09  8.865209e-09  7.761604e-09  8.414727e-09  5.248582e-09  5.755977e-09  2.825189e-09  3.056988e-09  2.635766e-09  1.729458e-09  8.232223e-10
sn117     relative  2.037853e-11  1.545951e-10  4.543348e-10  1.665112e-09  2.498253e-09  2.637376e-09  2.341505e-09  2.497582e-09  1.574752e-09  1.728013e-09  8.743493e-10  9.542102e-10  8.422986e-10  6.074997e-10  3.718865e-10
sn118     relative  6.649276e-11  6.995404e-10  2.122505e-09  8.103109e-09  1.238081e-08  1.364587e-08  1.289639e-08  1.293643e-08  7.843487e-09  8.635384e-09  3.875321e-09  4.263803e-09  3.630003e-09  2.440511e-09  1.260197e-09
sn119     relative  2.358692e-11  2.103542e-10  6.233295e-10  2.347104e-09  3.580090e-09  3.983557e-09  3.836122e-09  3.789286e-09  2.292122e-09  2.525695e-09  1.125905e-09  1.245924e-09  1.070912e-09  7.517448e-10  4.367179e-10
sn120     relative  9.455321e-11  1.130494e-09  3.399000e-09  1.317468e-08  2.015265e-08  2.299676e-08  2.378536e-08  2.317294e-08  1.328440e-08  1.469462e-08  5.537329e-09  6.200156e-09  5.175797e-09  3.466815e-09  1.793189e-09
sb121     relative  1.294086e-11  9.182043e-11  2.579989e-10  9.621512e-10  1.461868e-09  1.669478e-09  1.736644e-09  1.694178e-09  9.885749e-10  1.093338e-09  4.433190e-10  4.994572e-10  4.359591e-10  3.339251e-10  2.337749e-10
te122     relative  1.011593e-11  1.382215e-10  4.195068e-10  1.632724e-09  2.492305e-09  2.853435e-09  2.990534e-09  2.911863e-09  1.650190e-09  1.826814e-09  6.603620e-10  7.410635e-10  6.126049e-10  4.018289e-10  1.953795e-10
te123     relative  3.593868e-12  5.074823e-11  1.543894e-10  6.000822e-10  9.141767e-10  1.045914e-09  1.098105e-09  1.067489e-09  6.027861e-10  6.672408e-10  2.383452e-10  2.675222e-10  2.205899e-10  1.438273e-10  6.894058e-11
te124     relative  1.902589e-11  2.713419e-10  8.242919e-10  3.205000e-09  4.832949e-09  5.489024e-09  5.831267e-09  5.689438e-09  3.183624e-09  3.525953e-09  1.220783e-09  1.374372e-09  1.131677e-09  7.419147e-10  3.614625e-10
te125     relative  2.324859e-11  1.219551e-10  3.209670e-10  1.147367e-09  1.701988e-09  1.925731e-09  2.056250e-09  2.019852e-09  1.184427e-09  1.310798e-09  5.505333e-10  6.263371e-10  5.696564e-10  4.888998e-10  4.094370e-10
te126     relative  6.659699e-11  5.773635e-10  1.658086e-09  6.383765e-09  9.579588e-09  1.071738e-08  1.150509e-08  1.142731e-08  6.378121e-09  7.058214e-09  2.469005e-09  2.802512e-09  2.400518e-09  1.805215e-09  1.219935e-09
i127      relative  7.420412e-11  1.931320e-10  3.821307e-10  1.088855e-09  1.550379e-09  1.738424e-09  1.883936e-09  1.918028e-09  1.295491e-09  1.430212e-09  8.926652e-10  1.031959e-09  1.070331e-09  1.175419e-09  1.273763e-09
xe128     relative  1.053885e-11  1.653318e-10  5.021288e-10  2.001923e-09  3.019414e-09  3.362104e-09  3.607990e-09  3.598217e-09  1.956627e-09  2.164460e-09  6.728984e-10  7.624797e-10  6.275015e-10  4.269868e-10  2.299539e-10
xe129     relative  1.001679e-10  2.367147e-10  4.374167e-10  1.147410e-09  1.604170e-09  1.796168e-09  1.952972e-09  2.013437e-09  1.435088e-09  1.582886e-09  1.098104e-09  1.273049e-09  1.352810e-09  1.540440e-09  1.717731e-09
xe130     relative  2.128295e-11  3.432822e-10  1.041620e-09  4.146249e-09  6.201204e-09  6.830875e-09  7.308466e-09  7.373533e-09  3.973104e-09  4.389243e-09  1.301777e-09  1.476986e-09  1.210886e-09  8.224852e-10  4.418944e-10
xe131     relative  8.209250e-11  2.646599e-10  5.867271e-10  1.885941e-09  2.723978e-09  3.005197e-09  3.235095e-09  3.323580e-09  2.053602e-09  2.265487e-09  1.142638e-09  1.318110e-09  1.318098e-09  1.375275e-09  1.425797e-09
xe132     relative  1.084760e-10  8.189690e-10  2.277276e-09  8.825935e-09  1.318341e-08  1.439766e-08  1.523400e-08  1.573001e-08  8.649749e-09  9.509081e-09  3.025846e-09  3.455826e-09  3.033109e-09  2.494908e-09  1.963984e-09
xe133     relative  0.000000e+00  0.000000e+00  0.000000e+00  2.216555e-34  8.505877e-36  3.047297e-38  7.119350e-39  3.957279e-38  2.735864e-34  1.425644e-35  1.091650e-33  6.647925e-34  7.676523e-32  6.642886e-32  3.708860e-28
xe134     relative  3.742151e-11  9.060962e-11  1.657436e-10  8.427324e-10  2.522610e-09  7.759953e-09  1.385955e-08  1.846198e-08  9.537160e-09  1.017616e-08  2.282086e-09  2.610538e-09  2.001744e-09  1.349704e-09  8.325704e-10
cs133     relative  2.723846e-11  1.319464e-10  3.349022e-10  1.238923e-09  1.845021e-09  2.010943e-09  2.124641e-09  2.205497e-09  1.260507e-09  1.386624e-09  5.187767e-10  5.956515e-10  5.569841e-10  5.201473e-10  4.806123e-10
cs134     relative  2.864403e-31  1.031550e-31  8.222815e-34  4.587226e-24  5.704899e-26  1.403564e-24  4.538474e-22  3.300038e-19  3.871503e-18  7.659442e-18  4.423225e-19  8.105473e-18  7.163623e-17  1.241178e-15  1.956300e-15
cs135     relative  0.000000e+00  0.000000e+00  0.000000e+00  0.000000e+00  0.000000e+00  0.000000e+00  0.000000e+00  0.000000e+00  0.000000e+00  0.000000e+00  0.000000e+00  0.000000e+00  0.000000e+00  0.000000e+00  0.000000e+00
cs136     relative  0.000000e+00  0.000000e+00  0.000000e+00  2.450621e-30  3.628401e-32  2.647060e-34  5.598924e-35  8.036915e-35  1.249887e-31  8.163571e-33  1.240741e-30  1.907445e-30  6.629823e-29  1.574062e-28  3.620799e-25
cs137     relative  0.000000e+00  0.000000e+00  0.000000e+00  0.000000e+00  0.000000e+00  0.000000e+00  0.000000e+00  0.000000e+00  0.000000e+00  0.000000e+00  0.000000e+00  0.000000e+00  0.000000e+00  0.000000e+00  0.000000e+00
ba134     relative  9.579495e-12  1.230774e-10  3.773261e-10  1.346913e-09  1.834222e-09  1.876855e-09  1.987358e-09  1.997266e-09  1.054338e-09  1.147032e-09  3.249013e-10  3.683047e-10  3.079341e-10  2.352341e-10  1.722427e-10
ba135     relative  2.503071e-11  2.564530e-10  7.269381e-10  3.079443e-09  4.978292e-09  6.282850e-09  7.400511e-09  8.316803e-09  4.427781e-09  4.819197e-09  1.241705e-09  1.414756e-09  1.146527e-09  8.032280e-10  4.791340e-10
ba136     relative  3.500232e-11  7.257277e-10  2.195075e-09  8.654780e-09  1.222031e-08  1.236437e-08  1.412801e-08  1.656844e-08  9.286886e-09  1.018855e-08  2.220985e-09  2.565309e-09  2.090589e-09  1.322943e-09  6.412421e-10
ba137     relative  4.525947e-11  6.538172e-10  1.895065e-09  7.926367e-09  1.269452e-08  1.765635e-08  2.965017e-08  5.128759e-08  3.193343e-08  3.565997e-08  6.530816e-09  7.742813e-09  6.228069e-09  3.571971e-09  1.282231e-09
ba138     relative  3.581882e-10  8.166904e-09  2.653053e-08  1.124835e-07  1.722100e-07  1.862299e-07  1.993038e-07  2.168362e-07  1.209881e-07  1.370828e-07  1.290051e-08  1.435303e-08  1.214038e-08  8.273538e-09  5.132837e-09
la139     relative  4.776079e-11  9.830632e-10  3.221071e-09  1.362405e-08  2.087999e-08  2.299594e-08  2.500506e-08  2.666064e-08  1.460815e-08  1.656377e-08  1.370764e-09  1.526706e-09  1.300630e-09  9.465990e-10  6.688179e-10
ce140     relative  1.338905e-10  2.963416e-09  1.049160e-08  4.396705e-08  6.710026e-08  7.179668e-08  7.758214e-08  8.094390e-08  4.461970e-08  5.027625e-08  2.800518e-09  3.154544e-09  2.674150e-09  1.985064e-09  1.497073e-09
ce141     relative  0.000000e+00  0.000000e+00  0.000000e+00  3.340834e-28  3.688802e-30  2.097153e-32  3.665019e-33  5.976087e-33  3.170965e-30  8.278661e-31  5.586013e-29  1.158773e-28  1.382207e-27  1.317266e-24  3.002585e-23
ce142     relative  1.094053e-11  5.861288e-11  1.623632e-10  1.253037e-09  3.579582e-09  8.698213e-09  1.372287e-08  1.640157e-08  8.673219e-09  9.681956e-09  4.224943e-10  4.876019e-10  3.872164e-10  2.714178e-10  1.966537e-10
pr141     relative  1.875754e-11  2.834979e-10  9.876857e-10  4.281154e-09  6.841595e-09  7.675852e-09  8.316364e-09  8.598998e-09  4.706709e-09  5.284127e-09  3.309453e-10  3.739719e-10  3.310952e-10  2.791974e-10  2.461327e-10
nd142     relative  3.484622e-11  8.175674e-10  2.992174e-09  1.189880e-08  1.705583e-08  1.542640e-08  1.466684e-08  1.476394e-08  8.717868e-09  9.896742e-09  4.897908e-10  5.537541e-10  4.994965e-10  3.959173e-10  3.308016e-10
nd143     relative  1.036960e-11  1.257975e-10  4.383884e-10  1.784446e-09  2.736596e-09  3.044777e-09  3.502101e-09  3.842407e-09  2.189602e-09  2.469365e-09  1.508173e-10  1.733054e-10  1.615586e-10  1.472780e-10  1.421716e-10
nd144     relative  2.384458e-11  3.813679e-10  1.373477e-09  5.602095e-09  8.573204e-09  9.262083e-09  1.052107e-08  1.156713e-08  6.629761e-09  7.483842e-09  3.715633e-10  4.248772e-10  3.836697e-10  3.229710e-10  2.912957e-10
nd145     relative  7.324688e-12  7.519274e-11  2.597942e-10  1.048411e-09  1.606908e-09  1.733839e-09  1.970897e-09  2.180280e-09  1.265914e-09  1.429493e-09  9.492320e-11  1.091479e-10  1.054526e-10  1.020289e-10  1.035918e-10
nd146     relative  1.932068e-11  3.503366e-10  1.286094e-09  5.215481e-09  7.936459e-09  8.385555e-09  9.321646e-09  1.020062e-08  5.884510e-09  6.642642e-09  2.976099e-10  3.380623e-10  3.022480e-10  2.461991e-10  2.159156e-10
nd147     relative  0.000000e+00  0.000000e+00  0.000000e+00  3.868982e-31  5.544916e-33  3.449857e-35  7.288084e-36  1.596236e-35  2.925434e-32  2.412821e-33  4.555110e-32  6.781134e-32  1.836150e-30  2.572692e-30  8.066466e-27
nd148     relative  4.785116e-12  3.154531e-11  1.058158e-10  7.105128e-10  1.408774e-09  1.562846e-09  1.572144e-09  1.557526e-09  8.419485e-10  9.330530e-10  6.381281e-11  7.115999e-11  6.810365e-11  6.820168e-11  7.006049e-11
pm147     relative  5.362090e-31  8.915056e-31  2.712743e-32  3.969348e-24  1.097336e-25  5.692702e-23  5.502044e-21  1.703898e-18  1.367938e-17  2.520253e-17  2.475863e-19  2.869367e-18  2.644669e-17  2.784917e-16  2.795170e-16
pm148     relative  0.000000e+00  0.000000e+00  0.000000e+00  0.000000e+00  0.000000e+00  0.000000e+00  0.000000e+00  0.000000e+00  4.136893e-39  2.164837e-40  4.580084e-38  3.589096e-39  2.368298e-34  4.160990e-34  1.893349e-29
sm147     relative  4.062659e-12  4.430469e-11  1.529538e-10  6.093926e-10  9.261402e-10  9.755013e-10  1.086624e-09  1.206954e-09  7.137005e-10  8.091749e-10  5.109864e-11  5.855848e-11  5.676079e-11  5.441083e-11  5.479472e-11
sm148     relative  4.311852e-12  9.591585e-11  3.617354e-10  1.304673e-09  1.880831e-09  2.018608e-09  2.302125e-09  2.556604e-09  1.471274e-09  1.654864e-09  6.644742e-11  7.560019e-11  6.622538e-11  5.158369e-11  4.508989e-11
sm149     relative  3.261797e-12  1.942716e-11  6.119806e-11  2.336784e-10  3.667541e-10  4.015471e-10  4.449659e-10  4.890467e-10  2.907555e-10  3.279499e-10  3.448985e-11  3.968413e-11  4.119632e-11  4.487972e-11  4.957229e-11
sm150     relative  3.244456e-12  7.176539e-11  2.670465e-10  1.095310e-09  1.731555e-09  1.873727e-09  2.036985e-09  2.197234e-09  1.260220e-09  1.421177e-09  5.537381e-11  6.213695e-11  5.386328e-11  4.051450e-11  3.250856e-11
sm151     relative  1.501169e-16  3.386803e-15  7.274564e-15  1.603436e-14  1.792636e-14  1.248158e-14  9.714608e-15  2.923781e-14  4.413799e-14  5.501601e-14  2.750494e-15  4.379784e-15  5.884895e-15  7.858446e-15  3.079149e-15
sm152     relative  7.274637e-12  7.327404e-11  2.558039e-10  1.019612e-09  1.596680e-09  1.740003e-09  1.883412e-09  2.019193e-09  1.166963e-09  1.312348e-09  8.749965e-11  9.984846e-11  9.837732e-11  9.880688e-11  1.033910e-10
eu151     relative  4.037917e-12  1.698741e-11  4.836379e-11  1.754558e-10  2.720514e-10  2.960193e-10  3.232337e-10  3.506596e-10  2.136120e-10  2.403217e-10  3.935029e-11  4.538299e-11  4.866405e-11  5.580128e-11  6.352566e-11
eu152     relative  6.188334e-25  1.493439e-23  1.889427e-22  3.985022e-21  1.672582e-20  3.681309e-20  1.499580e-20  4.127614e-19  6.929600e-18  4.890864e-18  3.019366e-19  6.134208e-19  1.207928e-18  1.965532e-18  6.077542e-19
eu153     relative  4.476412e-12  1.923922e-11  5.566565e-11  2.026918e-10  3.122177e-10  3.409718e-10  3.686832e-10  3.940282e-10  2.374409e-10  2.662594e-10  4.342210e-11  5.016192e-11  5.399759e-11  6.240186e-11  7.131816e-11
eu154     relative  2.345991e-26  5.571534e-24  1.740840e-22  9.666888e-21  8.618565e-20  9.697869e-19  9.213115e-19  1.546455e-17  2.677649e-16  2.124528e-16  1.552889e-17  4.368618e-17  1.592794e-16  4.421100e-16  1.787129e-16
eu155     relative  3.764970e-33  4.227472e-29  1.736792e-26  9.833678e-24  5.007857e-22  3.681506e-20  2.165750e-19  1.049277e-17  8.038623e-17  9.342445e-17  4.098165e-18  1.778333e-17  1.183977e-16  5.586207e-16  3.116688e-16
gd152     relative  5.548895e-14  1.076567e-13  2.004727e-13  6.356504e-13  9.559328e-13  9.460956e-13  8.890665e-13  8.295579e-13  5.983278e-13  6.382347e-13  4.880404e-13  6.262000e-13  8.271547e-13  1.226605e-12  1.542192e-12
gd153     relative  4.181271e-43  0.000000e+00  0.000000e+00  1.475178e-27  2.038771e-29  8.343604e-32  8.899249e-33  1.260170e-31  2.466827e-29  6.153549e-29  5.806225e-28  1.420470e-27  2.838299e-26  3.312700e-24  6.382921e-24
gd154     relative  7.886257e-13  8.661008e-12  3.188806e-11  1.327537e-10  2.089214e-10  2.271936e-10  2.416228e-10  2.515167e-10  1.417533e-10  1.583704e-10  9.822275e-12  1.132589e-11  1.159581e-11  1.275579e-11  1.420971e-11
gd155     relative  4.690554e-12  2.773284e-11  8.463975e-11  3.100761e-10  4.788686e-10  5.314602e-10  5.897010e-10  6.560943e-10  3.964745e-10  4.482636e-10  4.890599e-11  5.622462e-11  5.870533e-11  6.447876e-11  7.149006e-11
gd156     relative  7.013458e-12  5.909677e-11  2.036772e-10  8.108004e-10  1.260599e-09  1.391930e-09  1.501324e-09  1.597035e-09  9.206745e-10  1.032457e-09  7.934583e-11  9.086660e-11  9.183885e-11  9.709000e-11  1.053282e-10
gd157     relative  5.038514e-12  3.061164e-11  9.836106e-11  3.790991e-10  5.866639e-10  6.551598e-10  7.133820e-10  7.675034e-10  4.510278e-10  5.062850e-10  5.279071e-11  6.072542e-11  6.331777e-11  7.002801e-11  7.805674e-11
gd158     relative  9.563177e-12  1.061502e-10  3.783694e-10  1.516564e-09  2.340073e-09  2.642378e-09  2.885414e-09  3.111816e-09  1.799265e-09  2.022524e-09  1.183560e-10  1.348610e-10  1.306962e-10  1.279890e-10  1.320906e-10
tb159     relative  5.921649e-12  3.006747e-11  9.232813e-11  3.464025e-10  5.286579e-10  5.997657e-10  6.579370e-10  7.138305e-10  4.269684e-10  4.796467e-10  5.949410e-11  6.866205e-11  7.270012e-11  8.202855e-11  9.251445e-11
dy160     relative  1.707513e-12  3.544964e-11  1.336141e-10  5.441390e-10  8.365073e-10  9.490007e-10  1.038014e-09  1.120318e-09  6.435978e-10  7.240301e-10  2.726937e-11  3.077956e-11  2.712312e-11  2.165883e-11  1.881145e-11
dy161     relative  7.053248e-12  2.703656e-11  7.513326e-11  2.656729e-10  3.995551e-10  4.554822e-10  5.018642e-10  5.468508e-10  3.369023e-10  3.782927e-10  6.728629e-11  7.789442e-11  8.434279e-11  9.816933e-11  1.126890e-10
dy162     relative  1.078421e-11  8.290689e-11  2.816502e-10  1.087025e-09  1.638624e-09  1.857792e-09  2.041494e-09  2.210038e-09  1.301060e-09  1.463403e-09  1.171909e-10  1.349776e-10  1.384697e-10  1.487049e-10  1.631879e-10
dy163     relative  9.618220e-12  4.405660e-11  1.315055e-10  4.778336e-10  7.119784e-10  8.082710e-10  8.934619e-10  9.746689e-10  5.933178e-10  6.671735e-10  9.401433e-11  1.088978e-10  1.169718e-10  1.344969e-10  1.533873e-10
dy164     relative  1.370908e-11  1.555543e-10  5.603336e-10  2.206190e-09  3.285508e-09  3.628321e-09  4.013375e-09  4.356879e-09  2.562606e-09  2.887941e-09  1.639159e-10  1.880608e-10  1.840552e-10  1.813834e-10  1.886273e-10
ho165     relative  8.563682e-12  3.974016e-11  1.194480e-10  4.344821e-10  6.392727e-10  7.043655e-10  7.816547e-10  8.518605e-10  5.221154e-10  5.875591e-10  8.303887e-11  9.626382e-11  1.034580e-10  1.188538e-10  1.354792e-10
er166     relative  9.024275e-12  7.195782e-11  2.470028e-10  9.542140e-10  1.412614e-09  1.531793e-09  1.696898e-09  1.839700e-09  1.095539e-09  1.234418e-09  9.656982e-11  1.115418e-10  1.148270e-10  1.234161e-10  1.356596e-10
er167     relative  5.764375e-12  3.273380e-11  1.045009e-10  3.924505e-10  5.795676e-10  6.274059e-10  6.980090e-10  7.611069e-10  4.619301e-10  5.205555e-10  5.772408e-11  6.683221e-11  7.077222e-11  7.947479e-11  8.954443e-11
er168     relative  8.527460e-12  1.029061e-10  3.747612e-10  1.484036e-09  2.209700e-09  2.333515e-09  2.585385e-09  2.792907e-09  1.650641e-09  1.861805e-09  1.005013e-10  1.154796e-10  1.128971e-10  1.105698e-10  1.146501e-10
er169     relative  0.000000e+00  0.000000e+00  0.000000e+00  8.342860e-32  1.371303e-33  7.837968e-36  1.736411e-36  4.992331e-36  1.270795e-32  9.896587e-34  1.789639e-32  2.514036e-32  6.772451e-31  9.058423e-31  2.765728e-27
er170     relative  4.201736e-12  2.639665e-11  8.974828e-11  5.636099e-10  1.045285e-09  1.037577e-09  1.043758e-09  1.011866e-09  5.719088e-10  6.379821e-10  4.765167e-11  5.402786e-11  5.418853e-11  5.711122e-11  6.106403e-11
tm169     relative  4.215836e-12  2.894341e-11  9.617478e-11  3.693475e-10  5.497096e-10  5.810321e-10  6.484512e-10  7.101974e-10  4.331294e-10  4.906283e-10  4.363866e-11  5.051127e-11  5.261864e-11  5.716440e-11  6.306210e-11
tm170     relative  4.137141e-43  0.000000e+00  0.000000e+00  1.072161e-25  1.231866e-27  5.132113e-30  7.983911e-31  3.347221e-30  1.968582e-25  1.448387e-24  1.155526e-24  1.376744e-23  7.660951e-23  8.218304e-21  1.468462e-19
tm171     relative  1.462912e-32  4.321624e-33  3.791242e-35  9.916183e-25  1.435239e-26  4.443282e-25  2.467485e-22  2.930477e-19  4.251459e-18  8.396728e-18  3.448888e-20  8.499246e-19  5.112472e-18  8.629406e-17  1.578684e-16
yb170     relative  1.396490e-12  3.086452e-11  1.235863e-10  5.032299e-10  7.527902e-10  7.878036e-10  8.659544e-10  9.030873e-10  5.078541e-10  5.645205e-10  2.009329e-11  2.272417e-11  1.985718e-11  1.638867e-11  1.527294e-11
yb171     relative  4.458150e-12  4.538657e-11  1.563689e-10  6.748771e-10  1.072458e-09  1.093288e-09  1.186567e-09  1.279547e-09  7.711565e-10  8.752892e-10  5.140736e-11  5.881766e-11  5.794689e-11  5.673813e-11  5.806272e-11
yb172     relative  7.988369e-12  1.116841e-10  4.207559e-10  1.844619e-09  3.002656e-09  3.137161e-09  3.396264e-09  3.534499e-09  2.029190e-09  2.272369e-09  1.015881e-10  1.151380e-10  1.066098e-10  9.579662e-11  9.329441e-11
yb173     relative  5.090418e-12  5.215391e-11  1.888395e-10  8.077946e-10  1.332899e-09  1.420283e-09  1.553509e-09  1.637061e-09  9.516592e-10  1.067378e-09  5.960354e-11  6.800234e-11  6.598823e-11  6.452008e-11  6.679174e-11
yb174     relative  1.349089e-11  2.280352e-10  8.657379e-10  3.457000e-09  5.579551e-09  6.267640e-09  6.927755e-09  7.351532e-09  4.302744e-09  4.848276e-09  1.839353e-10  2.084962e-10  1.884410e-10  1.552482e-10  1.408955e-10
lu175     relative  4.168073e-12  3.415689e-11  1.192987e-10  4.568531e-10  7.302254e-10  8.279006e-10  9.187497e-10  9.799046e-10  5.838304e-10  6.580863e-10  4.520148e-11  5.194202e-11  5.251045e-11  5.447759e-11  5.868181e-11
lu176     relative  6.642432e-13  2.127835e-11  8.362438e-11  3.318697e-10  5.316965e-10  6.057214e-10  6.724342e-10  7.166966e-10  4.196842e-10  4.737022e-10  1.248733e-11  1.404976e-11  1.137158e-11  6.538270e-12  3.568161e-12
lu177     relative  0.000000e+00  0.000000e+00  0.000000e+00  3.998729e-33  7.640505e-35  5.013515e-37  1.206266e-37  2.115613e-37  2.093515e-33  9.137530e-35  7.850222e-34  6.823129e-34  5.080709e-32  2.870827e-32  2.393093e-28
hf176     relative  7.739705e-13  1.374250e-12  1.917089e-12  2.886669e-12  3.351616e-12  3.822985e-12  4.307616e-12  4.801443e-12  5.324952e-12  5.854768e-12  6.649976e-12  7.764545e-12  8.824266e-12  1.095113e-11  1.298312e-11
hf177     relative  3.368264e-12  2.788653e-11  9.732554e-11  3.672821e-10  5.805050e-10  6.655608e-10  7.416064e-10  7.958856e-10  4.789848e-10  5.417775e-10  3.666954e-11  4.220430e-11  4.282646e-11  4.444412e-11  4.786764e-11
hf178     relative  7.029027e-12  1.191926e-10  4.548211e-10  1.754903e-09  2.680615e-09  3.066517e-09  3.405604e-09  3.609811e-09  2.132227e-09  2.407978e-09  9.220381e-11  1.049794e-10  9.648800e-11  8.172913e-11  7.624739e-11
hf179     relative  3.072455e-12  4.274471e-11  1.605679e-10  6.185750e-10  9.344663e-10  1.070270e-09  1.193784e-09  1.270797e-09  7.557321e-10  8.540884e-10  3.780929e-11  4.322634e-11  4.099739e-11  3.723330e-11  3.666927e-11
hf180     relative  1.160794e-11  2.357842e-10  9.184547e-10  3.613489e-09  5.383813e-09  5.931318e-09  6.624995e-09  6.998458e-09  4.158173e-09  4.703228e-09  1.531826e-10  1.746426e-10  1.551778e-10  1.183707e-10  1.001285e-10
ta181     relative  3.499629e-12  4.890753e-11  1.853590e-10  7.267991e-10  1.083445e-09  1.186818e-09  1.330610e-09  1.411674e-09  8.462017e-10  9.577045e-10  4.109293e-11  4.717337e-11  4.481126e-11  4.041381e-11  3.962082e-11
ta182     relative  0.000000e+00  0.000000e+00  0.000000e+00  1.125644e-27  1.222601e-29  7.102640e-32  1.281748e-32  2.402006e-32  5.699508e-30  2.190826e-30  5.208107e-29  9.521572e-29  6.117436e-28  9.348086e-26  7.490615e-24
ta183     relative  0.000000e+00  0.000000e+00  0.000000e+00  2.907226e-43  0.000000e+00  0.000000e+00  0.000000e+00  0.000000e+00  0.000000e+00  0.000000e+00  0.000000e+00  0.000000e+00  2.968015e-40  2.571902e-40  1.319904e-32
w182      relative  6.101302e-12  1.030572e-10  4.007709e-10  1.463269e-09  2.131957e-09  2.342325e-09  2.675941e-09  2.853607e-09  1.695525e-09  1.912150e-09  7.162465e-11  8.217402e-11  7.639781e-11  6.609829e-11  6.399887e-11
w183      relative  3.447202e-12  5.877368e-11  2.239737e-10  8.135113e-10  1.178750e-09  1.266301e-09  1.447755e-09  1.571010e-09  9.655981e-10  1.101829e-09  4.061497e-11  4.689943e-11  4.415331e-11  3.734365e-11  3.481641e-11
w184      relative  8.677319e-12  1.726881e-10  6.763162e-10  2.538520e-09  3.630446e-09  3.638652e-09  4.058572e-09  4.260044e-09  2.582374e-09  2.933974e-09  9.921804e-11  1.140744e-10  1.049182e-10  8.498791e-11  7.619011e-11
w185      relative  0.000000e+00  0.000000e+00  0.000000e+00  1.902918e-26  1.985622e-28  8.741984e-31  1.432865e-31  2.084471e-31  5.872015e-28  1.111107e-26  5.834740e-26  4.789167e-25  3.339126e-24  6.091432e-22  6.220480e-21
w186      relative  7.819318e-12  1.109736e-10  4.288101e-10  2.124673e-09  3.488161e-09  3.324040e-09  3.486370e-09  3.493027e-09  2.079190e-09  2.352797e-09  8.637730e-11  9.830728e-11  9.113164e-11  7.761998e-11  7.097659e-11
re185     relative  2.894670e-12  3.530865e-11  1.291502e-10  4.825518e-10  6.897840e-10  6.813138e-10  7.602380e-10  8.126121e-10  5.117100e-10  5.874807e-10  2.975719e-11  3.450914e-11  3.464299e-11  3.358957e-11  3.433161e-11
re186     relative  0.000000e+00  0.000000e+00  0.000000e+00  4.075232e-36  1.597406e-37  4.945112e-40  1.361448e-40  5.416998e-40  1.917071e-35  7.047189e-37  1.234799e-35  3.696410e-36  1.221067e-33  1.044175e-33  1.761374e-30
re187     relative  3.841397e-12  2.332701e-11  7.855158e-11  3.687655e-10  6.033753e-10  5.779235e-10  6.067595e-10  6.086599e-10  3.703895e-10  4.179452e-10  3.981069e-11  4.602579e-11  4.868962e-11  5.427206e-11  6.070521e-11
os186     relative  2.632319e-12  6.241557e-11  2.573520e-10  9.608055e-10  1.365581e-09  1.360468e-09  1.525521e-09  1.568434e-09  9.124629e-10  1.020354e-09  3.083683e-11  3.509097e-11  3.049367e-11  2.326179e-11  2.061217e-11
os187     relative  1.708512e-12  1.979921e-11  7.739980e-11  2.747301e-10  3.882248e-10  3.962684e-10  4.553812e-10  4.793301e-10  2.826639e-10  3.164819e-10  1.406622e-11  1.613734e-11  1.546818e-11  1.460903e-11  1.518062e-11
os188     relative  1.232249e-11  1.102033e-10  4.075297e-10  1.704827e-09  2.730980e-09  2.730660e-09  2.981723e-09  3.078426e-09  1.846192e-09  2.081042e-09  1.227313e-10  1.413998e-10  1.436530e-10  1.494711e-10  1.620198e-10
os189     relative  1.202068e-11  4.462479e-11  1.287668e-10  4.816118e-10  7.664868e-10  7.765549e-10  8.505276e-10  8.863953e-10  5.614535e-10  6.318351e-10  1.091120e-10  1.267324e-10  1.388714e-10  1.635599e-10  1.892150e-10
os190     relative  2.219695e-11  1.486216e-10  5.209927e-10  2.064539e-09  3.418350e-09  3.558133e-09  3.863381e-09  4.016692e-09  2.446249e-09  2.763060e-09  2.148749e-10  2.485569e-10  2.624965e-10  2.912370e-10  3.274702e-10
os191     relative  0.000000e+00  0.000000e+00  0.000000e+00  1.027250e-29  1.523449e-31  9.260120e-34  1.735916e-34  6.225700e-34  2.699632e-31  7.813000e-32  1.659469e-30  2.877958e-30  2.331796e-29  1.148274e-28  5.724115e-26
os192     relative  2.968514e-11  8.015298e-11  1.893324e-10  6.852100e-10  1.112659e-09  1.162898e-09  1.186949e-09  1.190255e-09  8.028899e-10  9.070297e-10  2.654441e-10  3.091931e-10  3.471575e-10  4.233061e-10  4.973264e-10
ir191     relative  2.499395e-11  6.822664e-11  1.628718e-10  5.170634e-10  8.214638e-10  8.705816e-10  9.494422e-10  9.983570e-10  6.732503e-10  7.568880e-10  2.227166e-10  2.591691e-10  2.888895e-10  3.487151e-10  4.081713e-10
ir192     relative  5.920771e-43  0.000000e+00  0.000000e+00  6.896363e-26  9.781220e-28  4.670238e-30  6.541320e-31  5.234662e-30  1.816103e-28  9.359983e-28  2.296581e-26  6.075343e-26  3.106317e-25  1.462303e-22  4.253929e-21
ir193     relative  4.206696e-11  1.036795e-10  2.242936e-10  6.702235e-10  1.048242e-09  1.130077e-09  1.213543e-09  1.274365e-09  8.955639e-10  1.006955e-09  3.727350e-10  4.341458e-10  4.875199e-10  5.948022e-10  6.996956e-10
pt192     relative  2.001953e-12  3.565483e-11  1.497265e-10  5.896490e-10  9.808528e-10  1.059672e-09  1.150767e-09  1.157041e-09  6.522255e-10  7.223054e-10  2.321982e-11  2.670250e-11  2.665785e-11  2.901720e-11  3.359341e-11
pt193     relative  1.040441e-17  2.953649e-16  8.088073e-16  2.499628e-15  3.470714e-15  2.844988e-15  1.641584e-15  7.338367e-15  1.672282e-14  2.022001e-14  6.882461e-16  1.106333e-15  1.538627e-15  1.608021e-15  2.906308e-16
pt194     relative  4.659507e-11  1.814566e-10  5.365413e-10  1.917433e-09  3.101212e-09  3.437709e-09  3.674659e-09  3.791931e-09  2.375561e-09  2.676679e-09  4.266028e-10  4.961085e-10  5.507279e-10  6.630756e-10  7.769448e-10
pt195     relative  4.596523e-11  1.224447e-10  2.872636e-10  8.811227e-10  1.372909e-09  1.546945e-09  1.665883e-09  1.736914e-09  1.170334e-09  1.314031e-09  4.094993e-10  4.770083e-10  5.355426e-10  6.542378e-10  7.706323e-10
pt196     relative  3.922809e-11  2.510343e-10  8.724571e-10  3.200125e-09  5.035781e-09  5.811337e-09  6.251145e-09  6.478389e-09  3.945110e-09  4.463666e-09  3.778629e-10  4.369903e-10  4.698627e-10  5.386110e-10  6.169390e-10
au197     relative  2.201544e-11  9.819184e-11  3.070382e-10  1.071168e-09  1.653670e-09  1.919797e-09  2.075842e-09  2.166249e-09  1.353967e-09  1.531717e-09  2.039885e-10  2.366505e-10  2.589573e-10  3.041092e-10  3.516787e-10
hg198     relative  1.163586e-11  2.302522e-10  9.332795e-10  3.606123e-09  5.552325e-09  6.321280e-09  6.825198e-09  7.048510e-09  4.205508e-09  4.773155e-09  1.344172e-10  1.523258e-10  1.391472e-10  1.118483e-10  1.010919e-10
hg199     relative  1.114761e-11  1.108420e-10  4.219528e-10  1.613082e-09  2.479099e-09  2.794456e-09  3.028292e-09  3.133752e-09  1.893293e-09  2.148414e-09  1.109151e-10  1.275334e-10  1.295263e-10  1.328136e-10  1.427735e-10
hg200     relative  2.194605e-11  3.399286e-10  1.370762e-09  5.341741e-09  8.365369e-09  9.188106e-09  1.002519e-08  1.029816e-08  6.158368e-09  6.991165e-09  2.259064e-10  2.578567e-10  2.436256e-10  2.124249e-10  2.046850e-10
hg201     relative  1.079595e-11  1.406866e-10  5.605567e-10  2.185371e-09  3.451990e-09  3.774160e-09  4.143380e-09  4.263609e-09  2.558985e-09  2.905935e-09  1.085711e-10  1.243970e-10  1.209309e-10  1.129997e-10  1.143858e-10
hg202     relative  3.346065e-11  5.693395e-10  2.336862e-09  8.893955e-09  1.386437e-08  1.471274e-08  1.614302e-08  1.635112e-08  9.717387e-09  1.103672e-08  3.158148e-10  3.596233e-10  3.351628e-10  2.833882e-10  2.666012e-10
tl203     relative  1.514195e-11  2.714778e-10  1.132225e-09  4.490380e-09  7.189601e-09  7.713344e-09  8.513490e-09  8.671924e-09  5.162324e-09  5.867493e-09  1.507078e-10  1.712965e-10  1.549116e-10  1.219277e-10  1.069432e-10
tl204     relative  0.000000e+00  0.000000e+00  0.000000e+00  0.000000e+00  0.000000e+00  0.000000e+00  0.000000e+00  0.000000e+00  0.000000e+00  0.000000e+00  0.000000e+00  0.000000e+00  0.000000e+00  0.000000e+00  0.000000e+00
tl205     relative  3.023657e-11  4.277640e-10  1.744321e-09  7.355113e-09  1.322574e-08  1.702459e-08  1.994686e-08  2.064338e-08  1.221473e-08  1.390925e-08  3.360597e-10  3.852242e-10  3.502962e-10  2.842480e-10  2.563009e-10
pb204     relative  1.641535e-11  3.009127e-10  1.270569e-09  4.455624e-09  6.304221e-09  5.728413e-09  6.093782e-09  5.999826e-09  3.560014e-09  4.029474e-09  1.285528e-10  1.465107e-10  1.410894e-10  1.301883e-10  1.312632e-10
pb205     relative  0.000000e+00  0.000000e+00  0.000000e+00  0.000000e+00  0.000000e+00  0.000000e+00  0.000000e+00  0.000000e+00  0.000000e+00  0.000000e+00  0.000000e+00  0.000000e+00  0.000000e+00  0.000000e+00  0.000000e+00
pb206     relative  8.416019e-10  1.109583e-08  3.617353e-08  1.092953e-07  1.411937e-07  1.496098e-07  1.815444e-07  2.591101e-07  2.849565e-07  2.600368e-07  1.230415e-09  1.418611e-09  1.355146e-09  1.243193e-09  1.237546e-09
pb207     relative  3.270474e-10  4.888102e-09  2.235138e-08  7.507163e-08  1.272913e-07  1.251738e-07  1.272279e-07  1.160473e-07  7.228746e-08  8.091239e-08  1.318906e-09  1.518136e-09  1.466084e-09  1.367381e-09  1.375476e-09
pb208     relative  3.870585e-09  1.031660e-07  3.549152e-07  1.080302e-06  1.380431e-06  1.366051e-06  1.436102e-06  1.296680e-06  1.152360e-06  1.183250e-06  3.297217e-09  3.810771e-09  3.816099e-09  3.761771e-09  3.932752e-09
bi209     relative  6.419015e-11  1.657113e-09  5.358243e-09  1.657943e-08  2.320897e-08  3.184969e-08  5.112974e-08  6.739376e-08  6.929071e-08  7.478707e-08  2.018387e-10  2.348051e-10  2.412096e-10  2.516752e-10  2.719222e-10
bi210     relative  0.000000e+00  0.000000e+00  0.000000e+00  0.000000e+00  0.000000e+00  0.000000e+00  0.000000e+00  0.000000e+00  0.000000e+00  0.000000e+00  0.000000e+00  0.000000e+00  0.000000e+00  0.000000e+00  0.000000e+00
po210     relative  0.000000e+00  0.000000e+00  0.000000e+00  0.000000e+00  0.000000e+00  0.000000e+00  0.000000e+00  0.000000e+00  0.000000e+00  0.000000e+00  0.000000e+00  0.000000e+00  0.000000e+00  0.000000e+00  0.000000e+00
