Isotope      A            Z            YIELD      
H            1            1            2.15690E+00  
He4          4            2            9.43380E-01  
C12          12           6            1.01440E-02  
C13          13           6            2.93600E-05  
C14          14           6            1.74600E-09  
N14          14           7            2.55890E-04  
N15          15           7            6.70910E-08  
O16          16           8            1.41720E-03  
O17          17           8            1.18850E-05  
O18          18           8            5.07240E-07  
F18          18           9            0.00000E+00  
F19          19           9            3.24430E-07  
Ne20         20           10           2.22190E-04  
Ne21         21           10           5.04970E-07  
Ne22         22           10           1.82760E-04  
Na22         22           11           0.00000E+00  
Na23         23           11           1.50040E-05  
Na24         24           11           0.00000E+00  
Mg24         24           12           1.14100E-04  
Mg25         25           12           1.97320E-05  
Mg26         26           12           3.66240E-05  
Al26         26           13           8.70680E-09  
Al27         27           13           5.12110E-06  
Si28         28           14           1.52630E-04  
Si29         29           14           3.26810E-06  
Si30         30           14           2.99070E-06  
Si31         31           14           0.00000E+00  
Si32         32           14           1.28540E-11  
P31          31           15           9.22640E-07  
P32          32           15           0.00000E+00  
P33          33           15           0.00000E+00  
S32          32           16           7.77330E-05  
S33          33           16           2.12760E-07  
S34          34           16           1.35420E-06  
S35          35           16           0.00000E+00  
S36          36           16           1.62530E-08  
Cl35         35           17           2.54910E-07  
Cl36         36           17           2.64250E-10  
Cl37         37           17           9.77630E-08  
Ar36         36           18           1.77580E-05  
Ar37         37           18           0.00000E+00  
Ar38         38           18           1.13790E-06  
Ar39         39           18           4.36550E-11  
Ar40         40           18           1.95940E-08  
Ar41         41           18           0.00000E+00  
Ar42         42           18           0.00000E+00  
K39          39           19           2.49220E-07  
K40          40           19           4.77090E-10  
K41          41           19           2.12330E-08  
K42          42           19           0.00000E+00  
K43          43           19           0.00000E+00  
Ca40         40           20           1.33320E-05  
Ca41         41           20           3.66070E-10  
Ca42         42           20           3.47880E-08  
Ca43         43           20           7.83300E-09  
Ca44         44           20           1.06970E-07  
Ca45         45           20           0.00000E+00  
Ca46         46           20           4.67520E-09  
Ca47         47           20           0.00000E+00  
Ca48         48           20           1.00080E-08  
Sc45         45           21           4.90840E-09  
Sc46         46           21           0.00000E+00  
Sc47         47           21           0.00000E+00  
Sc48         48           21           0.00000E+00  
Sc49         49           21           0.00000E+00  
Ti46         46           22           1.75700E-08  
Ti47         47           22           1.59480E-08  
Ti48         48           22           1.53940E-07  
Ti49         49           22           1.29880E-08  
Ti50         50           22           1.65670E-08  
V50          50           23           6.47350E-11  
V51          51           23           2.67830E-08  
Cr50         50           24           5.14890E-08  
Cr51         51           24           0.00000E+00  
Cr52         52           24           1.03680E-06  
Cr53         53           24           1.19920E-07  
Cr54         54           24           3.58470E-08  
Mn55         55           25           9.04030E-07  
Mn56         56           25           0.00000E+00  
Fe54         54           26           4.94310E-06  
Fe55         55           26           0.00000E+00  
Fe56         56           26           8.06090E-05  
Fe57         57           26           1.93750E-06  
Fe58         58           26           4.37530E-07  
Fe59         59           26           0.00000E+00  
Fe60         60           26           1.91890E-07  
Co59         59           27           3.14930E-07  
Co60         60           27           3.96820E-13  
Ni58         58           28           3.39810E-06  
Ni59         59           28           1.69380E-10  
Ni60         60           28           1.40050E-06  
Ni61         61           28           9.30860E-08  
Ni62         62           28           2.81470E-07  
Ni63         63           28           3.65990E-11  
Ni64         64           28           1.66740E-07  
Ni65         65           28           0.00000E+00  
Ni66         66           28           0.00000E+00  
Cu63         63           29           9.56960E-08  
Cu64         64           29           0.00000E+00  
Cu65         65           29           4.62980E-08  
Cu66         66           29           0.00000E+00  
Cu67         67           29           0.00000E+00  
Zn64         64           30           7.09910E-08  
Zn65         65           30           0.00000E+00  
Zn66         66           30           6.17840E-08  
Zn67         67           30           1.07120E-08  
Zn68         68           30           5.75840E-08  
Zn69         69           30           0.00000E+00  
Zn70         70           30           1.61820E-09  
Ga69         69           31           6.75960E-09  
Ga70         70           31           0.00000E+00  
Ga71         71           31           4.58510E-09  
Ga72         72           31           0.00000E+00  
Ga73         73           31           0.00000E+00  
Ge70         70           32           9.28180E-09  
Ge71         71           32           0.00000E+00  
Ge72         72           32           1.09870E-08  
Ge73         73           32           3.22400E-09  
Ge74         74           32           1.78240E-08  
Ge75         75           32           0.00000E+00  
Ge76         76           32           2.13520E-09  
Ge77         77           32           0.00000E+00  
As75         75           33           2.05600E-09  
As76         76           33           0.00000E+00  
As77         77           33           0.00000E+00  
Se76         76           34           3.59520E-09  
Se77         77           34           1.83860E-09  
Se78         78           34           9.50010E-09  
Se79         79           34           1.22230E-09  
Se80         80           34           1.37690E-08  
Se81         81           34           0.00000E+00  
Se82         82           34           2.17770E-09  
Br79         79           35           1.15830E-09  
Br80         80           35           0.00000E+00  
Br81         81           35           2.39210E-09  
Br82         82           35           0.00000E+00  
Br83         83           35           0.00000E+00  
Br84         84           35           0.00000E+00  
Kr80         80           36           2.95010E-10  
Kr81         81           36           2.95280E-11  
Kr82         82           36           4.65860E-09  
Kr83         83           36           2.35900E-09  
Kr84         84           36           1.41420E-08  
Kr85         85           36           0.00000E+00  
Kr86         86           36           1.68070E-08  
Kr87         87           36           0.00000E+00  
Kr88         88           36           0.00000E+00  
Rb85         85           37           4.04250E-09  
Rb86         86           37           0.00000E+00  
Rb87         87           37           7.75230E-09  
Rb88         88           37           0.00000E+00  
Sr86         86           38           1.75390E-09  
Sr87         87           38           8.42630E-10  
Sr88         88           38           1.80580E-08  
Sr89         89           38           0.00000E+00  
Sr90         90           38           2.76560E-13  
Sr91         91           38           0.00000E+00  
Sr92         92           38           0.00000E+00  
Y89          89           39           4.74480E-09  
Y90          90           39           0.00000E+00  
Y91          91           39           0.00000E+00  
Y92          92           39           0.00000E+00  
Y93          93           39           0.00000E+00  
Zr90         90           40           4.02290E-09  
Zr91         91           40           1.19420E-09  
Zr92         92           40           1.89390E-09  
Zr93         93           40           5.96260E-10  
Zr94         94           40           2.30300E-09  
Zr95         95           40           0.00000E+00  
Zr96         96           40           1.41070E-09  
Zr97         97           40           0.00000E+00  
Nb93         93           41           1.44480E-10  
Nb94         94           41           0.00000E+00  
Nb95         95           41           0.00000E+00  
Nb96         96           41           0.00000E+00  
Nb97         97           41           0.00000E+00  
Mo92         92           42           6.91580E-11  
Mo93         93           42           0.00000E+00  
Mo94         94           42           4.40950E-11  
Mo95         95           42           3.59380E-10  
Mo96         96           42           4.86210E-10  
Mo97         97           42           2.51320E-10  
Mo98         98           42           7.85750E-10  
Mo99         99           42           0.00000E+00  
Mo00         100          42           1.33020E-10  
Tc97         97           43           0.00000E+00  
Tc98         98           43           0.00000E+00  
Tc99         99           43           7.73510E-11  
Ru96         96           44           1.74030E-11  
Ru97         97           44           0.00000E+00  
Ru98         98           44           5.99130E-12  
Ru99         99           44           5.91260E-11  
Ru00         100          44           3.34040E-10  
Ru01         101          44           1.27340E-10  
Ru02         102          44           5.36640E-10  
Ru03         103          44           0.00000E+00  
Ru04         104          44           1.35660E-10  
Ru05         105          44           0.00000E+00  
Ru06         106          44           0.00000E+00  
Rh03         103          45           1.47200E-10  
Rh05         105          45           0.00000E+00  
Pd04         104          46           2.31920E-10  
Pd05         105          46           1.22800E-10  
Pd06         106          46           3.47980E-10  
Pd07         107          46           5.21180E-11  
Pd08         108          46           4.03080E-10  
Pd09         109          46           0.00000E+00  
Pd10         110          46           1.00650E-10  
Ag07         107          47           4.91690E-11  
Ag09         109          47           1.42830E-10  
Ag11         111          47           0.00000E+00  
Cd08         108          48           2.76520E-12  
Cd09         109          48           0.00000E+00  
Cd10         110          48           2.83400E-10  
Cd11         111          48           1.33310E-10  
Cd12         112          48           4.26950E-10  
Cd13         113          48           1.40180E-10  
Cd14         114          48           5.84510E-10  
Cd15         115          48           0.00000E+00  
Cd16         116          48           2.13520E-10  
In13         113          49           1.58540E-12  
In15         115          49           1.38230E-10  
Sn14         114          50           5.01960E-12  
Sn15         115          50           2.60470E-12  
Sn16         116          50           6.53570E-10  
Sn17         117          50           2.58510E-10  
Sn18         118          50           1.11170E-09  
Sn19         119          50           3.40940E-10  
Sn20         120          50           1.63530E-09  
Sn21         121          50           0.00000E+00  
Sn22         122          50           6.63290E-10  
Sn23         123          50           0.00000E+00  
Sn24         124          50           3.14910E-10  
Sb21         121          51           1.51160E-10  
Sb22         122          51           0.00000E+00  
Sb23         123          51           1.00950E-10  
Sb24         124          51           0.00000E+00  
Sb25         125          51           0.00000E+00  
Te22         122          52           1.74420E-10  
Te23         123          52           5.82400E-11  
Te24         124          52           4.10680E-10  
Te25         125          52           2.05410E-10  
Te26         126          52           8.48920E-10  
Te27         127          52           0.00000E+00  
Te28         128          52           4.68240E-10  
Te30         130          52           3.78650E-10  
I127         127          53           3.15190E-10  
I128         128          53           0.00000E+00  
I129         129          53           4.78400E-12  
I130         130          53           0.00000E+00  
I131         131          53           0.00000E+00  
I132         132          53           0.00000E+00  
I133         133          53           0.00000E+00  
Xe28         128          54           2.18090E-10  
Xe29         129          54           4.24230E-10  
Xe30         130          54           4.40800E-10  
Xe31         131          54           3.85960E-10  
Xe32         132          54           1.02610E-09  
Xe33         133          54           0.00000E+00  
Xe34         134          54           5.99880E-10  
Xe35         135          54           0.00000E+00  
Xe36         136          54           5.29460E-10  
Cs33         133          55           1.88880E-10  
Cs34         134          55           0.00000E+00  
Cs35         135          55           1.17440E-10  
Cs36         136          55           0.00000E+00  
Cs37         137          55           1.76190E-13  
Ba34         134          56           2.09930E-10  
Ba35         135          56           1.29100E-10  
Ba36         136          56           6.57920E-10  
Ba37         137          56           1.42090E-09  
Ba38         138          56           6.70420E-09  
Ba39         139          56           0.00000E+00  
Ba40         140          56           0.00000E+00  
La39         139          57           8.10790E-10  
La40         140          57           0.00000E+00  
Ce40         140          58           1.79450E-09  
Ce41         141          58           0.00000E+00  
Ce42         142          58           3.67580E-10  
Ce43         143          58           0.00000E+00  
Ce44         144          58           0.00000E+00  
Pr41         141          59           2.28250E-10  
Pr42         142          59           0.00000E+00  
Pr43         143          59           0.00000E+00  
Pr45         145          59           0.00000E+00  
Nd42         142          60           3.66070E-10  
Nd43         143          60           1.15350E-10  
Nd44         144          60           4.00180E-10  
Nd45         145          60           8.34390E-11  
Nd46         146          60           3.52750E-10  
Nd47         147          60           0.00000E+00  
Nd48         148          60           8.47870E-11  
Nd49         149          60           0.00000E+00  
Nd50         150          60           1.59700E-11  
Pm45         145          61           0.00000E+00  
Pm46         146          61           0.00000E+00  
Pm47         147          61           0.00000E+00  
Pm48         148          61           0.00000E+00  
Pm49         149          61           0.00000E+00  
Pm50         150          61           0.00000E+00  
Pm51         151          61           0.00000E+00  
Sm44         144          62           2.04590E-12  
Sm45         145          62           0.00000E+00  
Sm46         146          62           0.00000E+00  
Sm47         147          62           4.89350E-11  
Sm48         148          62           7.82770E-11  
Sm49         149          62           2.69360E-11  
Sm50         150          62           7.40600E-11  
Sm51         151          62           0.00000E+00  
Sm52         152          62           8.03520E-11  
Sm53         153          62           0.00000E+00  
Sm54         154          62           4.97660E-11  
Eu51         151          63           2.27860E-11  
Eu52         152          63           0.00000E+00  
Eu53         153          63           2.64060E-11  
Eu54         154          63           0.00000E+00  
Eu55         155          63           0.00000E+00  
Eu56         156          63           0.00000E+00  
Eu57         157          63           0.00000E+00  
Gd52         152          64           9.01560E-13  
Gd53         153          64           0.00000E+00  
Gd54         154          64           1.69840E-11  
Gd55         155          64           3.18480E-11  
Gd56         156          64           7.09150E-11  
Gd57         157          64           3.94890E-11  
Gd58         158          64           1.18180E-10  
Gd59         159          64           0.00000E+00  
Gd60         160          64           4.95160E-11  
Tb59         159          65           4.00660E-11  
Tb60         160          65           0.00000E+00  
Tb61         161          65           0.00000E+00  
Dy60         160          66           3.37100E-11  
Dy61         161          66           3.99780E-11  
Dy62         162          66           1.03220E-10  
Dy63         163          66           5.17320E-11  
Dy64         164          66           1.42490E-10  
Dy65         165          66           0.00000E+00  
Dy66         166          66           0.00000E+00  
Ho63         163          67           7.30420E-13  
Ho64         164          67           0.00000E+00  
Ho65         165          67           5.78060E-11  
Ho66         166          67           0.00000E+00  
Er64         164          68           1.49190E-11  
Er65         165          68           0.00000E+00  
Er66         166          68           7.29650E-11  
Er67         167          68           4.16040E-11  
Er68         168          68           1.12770E-10  
Er69         169          68           0.00000E+00  
Er70         170          68           6.66070E-11  
Er71         171          68           0.00000E+00  
Er72         172          68           0.00000E+00  
Tm69         169          69           3.19630E-11  
Tm70         170          69           0.00000E+00  
Tm71         171          69           0.00000E+00  
Tm72         172          69           0.00000E+00  
Tm73         173          69           0.00000E+00  
Yb70         170          70           2.69980E-11  
Yb71         171          70           5.58190E-11  
Yb72         172          70           1.14760E-10  
Yb73         173          70           6.07890E-11  
Yb74         174          70           2.46560E-10  
Yb75         175          70           0.00000E+00  
Yb76         176          70           7.42780E-11  
Yb77         177          70           0.00000E+00  
Lu75         175          71           4.27070E-11  
Lu76         176          71           5.56430E-12  
Lu77         177          71           0.00000E+00  
Hf76         176          72           4.14720E-11  
Hf77         177          72           3.84230E-11  
Hf78         178          72           1.37340E-10  
Hf79         179          72           5.08870E-11  
Hf80         180          72           2.53610E-10  
Hf81         181          72           0.00000E+00  
Hf82         182          72           2.53810E-11  
Hf83         183          72           0.00000E+00  
Hf84         184          72           0.00000E+00  
Ta79         179          73           0.00000E+00  
Ta80         180          73           0.00000E+00  
Ta81         181          73           5.88040E-11  
Ta82         182          73           0.00000E+00  
Ta83         183          73           0.00000E+00  
Ta84         184          73           0.00000E+00  
W180         180          74           0.00000E+00  
W181         181          74           0.00000E+00  
W182         182          74           9.28870E-11  
W183         183          74           6.99680E-11  
W184         184          74           1.70530E-10  
W185         185          74           0.00000E+00  
W186         186          74           9.89530E-11  
W187         187          74           0.00000E+00  
W188         188          74           0.00000E+00  
Re85         185          75           4.08650E-11  
Re86         186          75           0.00000E+00  
Re87         187          75           3.38640E-11  
Re88         188          75           0.00000E+00  
Re89         189          75           0.00000E+00  
Os86         186          76           4.96560E-11  
Os87         187          76           1.72740E-11  
Os88         188          76           1.65300E-10  
Os89         189          76           6.70940E-11  
Os90         190          76           2.11860E-10  
Os91         191          76           0.00000E+00  
Os92         192          76           2.05270E-10  
Os93         193          76           0.00000E+00  
Os94         194          76           0.00000E+00  
Ir91         191          77           1.12460E-10  
Ir92         192          77           0.00000E+00  
Ir93         193          77           1.83720E-10  
Ir94         194          77           0.00000E+00  
Ir95         195          77           0.00000E+00  
Pt92         192          78           3.93330E-11  
Pt93         193          78           0.00000E+00  
Pt94         194          78           3.58330E-10  
Pt95         195          78           2.36070E-10  
Pt96         196          78           3.74490E-10  
Pt97         197          78           0.00000E+00  
Pt98         198          78           8.06260E-11  
Au97         197          79           1.45180E-10  
Au98         198          79           0.00000E+00  
Au99         199          79           0.00000E+00  
Hg98         198          80           2.23820E-10  
Hg99         199          80           1.34440E-10  
Hg00         200          80           3.80210E-10  
Hg01         201          80           1.68190E-10  
Hg02         202          80           5.98570E-10  
Hg03         203          80           0.00000E+00  
Hg04         204          80           5.91970E-11  
Tl03         203          81           2.78510E-10  
Tl04         204          81           0.00000E+00  
Tl05         205          81           3.87480E-10  
Pb04         204          82           3.03240E-10  
Pb05         205          82           4.51060E-11  
Pb06         206          82           4.31160E-09  
Pb07         207          82           4.39670E-09  
Pb08         208          82           9.75230E-08  
Pb09         209          82           0.00000E+00  
Pb10         210          82           0.00000E+00  
Bi09         209          83           2.74470E-09  
Bi10         210          83           0.00000E+00  
Po10         210          84           0.00000E+00  
