Isotope      A            Z            YIELD     
H            1            1            1.59140E+00  
He4          4            2            5.74190E-01  
C12          12           6            8.90860E-03  
C13          13           6            1.58110E-05  
C14          14           6            1.86250E-09  
N14          14           7            1.16770E-04  
N15          15           7            5.29860E-08  
O16          16           8            1.09820E-03  
O17          17           8            5.84360E-06  
O18          18           8            3.98240E-07  
F18          18           9            0.00000E+00  
F19          19           9            7.42320E-07  
Ne20         20           10           1.60000E-04  
Ne21         21           10           3.90700E-07  
Ne22         22           10           2.52000E-04  
Na22         22           11           0.00000E+00  
Na23         23           11           5.89380E-06  
Na24         24           11           0.00000E+00  
Mg24         24           12           8.07760E-05  
Mg25         25           12           1.51110E-05  
Mg26         26           12           2.25940E-05  
Al26         26           13           7.52180E-09  
Al27         27           13           4.38640E-06  
Si28         28           14           1.07600E-04  
Si29         29           14           2.29710E-06  
Si30         30           14           1.95320E-06  
Si31         31           14           0.00000E+00  
Si32         32           14           4.61390E-12  
P31          31           15           7.00920E-07  
P32          32           15           0.00000E+00  
P33          33           15           0.00000E+00  
S32          32           16           5.43490E-05  
S33          33           16           1.54340E-07  
S34          34           16           9.70260E-07  
S35          35           16           0.00000E+00  
S36          36           16           1.38740E-08  
Cl35         35           17           1.77660E-07  
Cl36         36           17           1.83300E-10  
Cl37         37           17           7.28800E-08  
Ar36         36           18           1.23870E-05  
Ar37         37           18           0.00000E+00  
Ar38         38           18           8.05350E-07  
Ar39         39           18           2.51820E-11  
Ar40         40           18           1.20560E-08  
Ar41         41           18           0.00000E+00  
Ar42         42           18           0.00000E+00  
K39          39           19           1.74890E-07  
K40          40           19           4.80030E-10  
K41          41           19           1.56190E-08  
K42          42           19           0.00000E+00  
K43          43           19           0.00000E+00  
Ca40         40           20           9.30540E-06  
Ca41         41           20           4.00870E-10  
Ca42         42           20           2.54690E-08  
Ca43         43           20           5.78180E-09  
Ca44         44           20           7.55680E-08  
Ca45         45           20           0.00000E+00  
Ca46         46           20           2.52700E-09  
Ca47         47           20           0.00000E+00  
Ca48         48           20           6.90580E-09  
Sc45         45           21           3.55680E-09  
Sc46         46           21           0.00000E+00  
Sc47         47           21           0.00000E+00  
Sc48         48           21           0.00000E+00  
Sc49         49           21           0.00000E+00  
Ti46         46           22           1.24100E-08  
Ti47         47           22           1.10690E-08  
Ti48         48           22           1.07170E-07  
Ti49         49           22           9.23990E-09  
Ti50         50           22           1.48430E-08  
V50          50           23           4.50690E-11  
V51          51           23           1.88770E-08  
Cr50         50           24           3.58470E-08  
Cr51         51           24           0.00000E+00  
Cr52         52           24           7.24420E-07  
Cr53         53           24           8.38360E-08  
Cr54         54           24           2.69930E-08  
Mn55         55           25           6.30760E-07  
Mn56         56           25           0.00000E+00  
Fe54         54           26           3.44230E-06  
Fe55         55           26           0.00000E+00  
Fe56         56           26           5.62270E-05  
Fe57         57           26           1.38010E-06  
Fe58         58           26           3.87460E-07  
Fe59         59           26           0.00000E+00  
Fe60         60           26           1.22840E-07  
Co59         59           27           2.47190E-07  
Co60         60           27           2.50060E-13  
Ni58         58           28           2.36610E-06  
Ni59         59           28           2.24730E-10  
Ni60         60           28           9.88620E-07  
Ni61         61           28           6.89590E-08  
Ni62         62           28           1.97560E-07  
Ni63         63           28           2.04590E-11  
Ni64         64           28           1.03200E-07  
Ni65         65           28           0.00000E+00  
Ni66         66           28           0.00000E+00  
Cu63         63           29           6.48090E-08  
Cu64         64           29           0.00000E+00  
Cu65         65           29           2.91620E-08  
Cu66         66           29           0.00000E+00  
Cu67         67           29           0.00000E+00  
Zn64         64           30           4.96480E-08  
Zn65         65           30           0.00000E+00  
Zn66         66           30           4.08940E-08  
Zn67         67           30           6.98080E-09  
Zn68         68           30           3.68510E-08  
Zn69         69           30           0.00000E+00  
Zn70         70           30           1.04000E-09  
Ga69         69           31           4.26120E-09  
Ga70         70           31           0.00000E+00  
Ga71         71           31           3.00220E-09  
Ga72         72           31           0.00000E+00  
Ga73         73           31           0.00000E+00  
Ge70         70           32           5.81510E-09  
Ge71         71           32           0.00000E+00  
Ge72         72           32           6.89430E-09  
Ge73         73           32           2.01740E-09  
Ge74         74           32           1.11650E-08  
Ge75         75           32           0.00000E+00  
Ge76         76           32           1.34790E-09  
Ge77         77           32           0.00000E+00  
As75         75           33           1.30090E-09  
As76         76           33           0.00000E+00  
As77         77           33           0.00000E+00  
Se76         76           34           2.22960E-09  
Se77         77           34           1.16420E-09  
Se78         78           34           5.88690E-09  
Se79         79           34           6.88240E-10  
Se80         80           34           8.64950E-09  
Se81         81           34           0.00000E+00  
Se82         82           34           1.13910E-09  
Br79         79           35           8.09980E-10  
Br80         80           35           0.00000E+00  
Br81         81           35           1.50150E-09  
Br82         82           35           0.00000E+00  
Br83         83           35           0.00000E+00  
Br84         84           35           0.00000E+00  
Kr80         80           36           1.94780E-10  
Kr81         81           36           1.60560E-11  
Kr82         82           36           2.88420E-09  
Kr83         83           36           1.49520E-09  
Kr84         84           36           9.01070E-09  
Kr85         85           36           0.00000E+00  
Kr86         86           36           9.56790E-09  
Kr87         87           36           0.00000E+00  
Kr88         88           36           0.00000E+00  
Rb85         85           37           2.48740E-09  
Rb86         86           37           0.00000E+00  
Rb87         87           37           4.31810E-09  
Rb88         88           37           0.00000E+00  
Sr86         86           38           1.22200E-09  
Sr87         87           38           6.49020E-10  
Sr88         88           38           1.76800E-08  
Sr89         89           38           0.00000E+00  
Sr90         90           38           1.10680E-13  
Sr91         91           38           0.00000E+00  
Sr92         92           38           0.00000E+00  
Y89          89           39           5.09080E-09  
Y90          90           39           0.00000E+00  
Y91          91           39           0.00000E+00  
Y92          92           39           0.00000E+00  
Y93          93           39           0.00000E+00  
Zr90         90           40           4.59350E-09  
Zr91         91           40           1.39400E-09  
Zr92         92           40           2.29100E-09  
Zr93         93           40           7.72990E-10  
Zr94         94           40           2.98330E-09  
Zr95         95           40           0.00000E+00  
Zr96         96           40           1.80860E-09  
Zr97         97           40           0.00000E+00  
Nb93         93           41           1.28560E-10  
Nb94         94           41           0.00000E+00  
Nb95         95           41           0.00000E+00  
Nb96         96           41           0.00000E+00  
Nb97         97           41           0.00000E+00  
Mo92         92           42           4.81430E-11  
Mo93         93           42           0.00000E+00  
Mo94         94           42           3.07710E-11  
Mo95         95           42           4.25270E-10  
Mo96         96           42           6.53120E-10  
Mo97         97           42           3.06040E-10  
Mo98         98           42           9.71780E-10  
Mo99         99           42           0.00000E+00  
Mo00         100          42           1.36370E-10  
Tc97         97           43           0.00000E+00  
Tc98         98           43           0.00000E+00  
Tc99         99           43           8.95620E-11  
Ru96         96           44           1.21140E-11  
Ru97         97           44           0.00000E+00  
Ru98         98           44           4.17070E-12  
Ru99         99           44           6.30280E-11  
Ru00         100          44           4.21550E-10  
Ru01         101          44           1.33600E-10  
Ru02         102          44           6.46000E-10  
Ru03         103          44           0.00000E+00  
Ru04         104          44           1.28640E-10  
Ru05         105          44           0.00000E+00  
Ru06         106          44           0.00000E+00  
Rh03         103          45           1.51660E-10  
Rh05         105          45           0.00000E+00  
Pd04         104          46           2.95000E-10  
Pd05         105          46           1.24220E-10  
Pd06         106          46           4.14830E-10  
Pd07         107          46           6.96980E-11  
Pd08         108          46           4.93910E-10  
Pd09         109          46           0.00000E+00  
Pd10         110          46           1.03520E-10  
Ag07         107          47           3.47500E-11  
Ag09         109          47           1.61330E-10  
Ag11         111          47           0.00000E+00  
Cd08         108          48           1.91780E-12  
Cd09         109          48           0.00000E+00  
Cd10         110          48           3.63290E-10  
Cd11         111          48           1.54100E-10  
Cd12         112          48           5.26580E-10  
Cd13         113          48           1.64270E-10  
Cd14         114          48           7.29670E-10  
Cd15         115          48           0.00000E+00  
Cd16         116          48           2.39160E-10  
In13         113          49           1.10340E-12  
In15         115          49           1.61090E-10  
Sn14         114          50           3.49400E-12  
Sn15         115          50           1.81320E-12  
Sn16         116          50           8.38420E-10  
Sn17         117          50           3.11590E-10  
Sn18         118          50           1.39680E-09  
Sn19         119          50           4.24850E-10  
Sn20         120          50           2.17800E-09  
Sn21         121          50           0.00000E+00  
Sn22         122          50           8.69430E-10  
Sn23         123          50           0.00000E+00  
Sn24         124          50           3.36610E-10  
Sb21         121          51           1.85340E-10  
Sb22         122          51           0.00000E+00  
Sb23         123          51           1.16040E-10  
Sb24         124          51           0.00000E+00  
Sb25         125          51           0.00000E+00  
Te22         122          52           2.40630E-10  
Te23         123          52           8.11080E-11  
Te24         124          52           5.74270E-10  
Te25         125          52           2.43120E-10  
Te26         126          52           1.12170E-09  
Te27         127          52           0.00000E+00  
Te28         128          52           4.19630E-10  
Te30         130          52           2.63930E-10  
I127         127          53           2.90070E-10  
I128         128          53           0.00000E+00  
I129         129          53           6.13020E-12  
I130         130          53           0.00000E+00  
I131         131          53           0.00000E+00  
I132         132          53           0.00000E+00  
I133         133          53           0.00000E+00  
Xe28         128          54           3.14340E-10  
Xe29         129          54           3.66070E-10  
Xe30         130          54           6.46960E-10  
Xe31         131          54           3.65100E-10  
Xe32         132          54           1.36410E-09  
Xe33         133          54           0.00000E+00  
Xe34         134          54           8.00390E-10  
Xe35         135          54           0.00000E+00  
Xe36         136          54           4.00700E-10  
Cs33         133          55           2.23780E-10  
Cs34         134          55           0.00000E+00  
Cs35         135          55           1.81640E-10  
Cs36         136          55           0.00000E+00  
Cs37         137          55           1.17260E-13  
Ba34         134          56           3.34920E-10  
Ba35         135          56           1.51860E-10  
Ba36         136          56           1.07660E-09  
Ba37         137          56           2.03610E-09  
Ba38         138          56           1.40800E-08  
Ba39         139          56           0.00000E+00  
Ba40         140          56           0.00000E+00  
La39         139          57           1.73510E-09  
La40         140          57           0.00000E+00  
Ce40         140          58           4.26940E-09  
Ce41         141          58           0.00000E+00  
Ce42         142          58           8.47940E-10  
Ce43         143          58           0.00000E+00  
Ce44         144          58           0.00000E+00  
Pr41         141          59           5.14200E-10  
Pr42         142          59           0.00000E+00  
Pr43         143          59           0.00000E+00  
Pr45         145          59           0.00000E+00  
Nd42         142          60           8.94870E-10  
Nd43         143          60           2.50550E-10  
Nd44         144          60           9.26010E-10  
Nd45         145          60           1.79110E-10  
Nd46         146          60           8.18870E-10  
Nd47         147          60           0.00000E+00  
Nd48         148          60           1.78650E-10  
Nd49         149          60           0.00000E+00  
Nd50         150          60           1.69140E-11  
Pm45         145          61           0.00000E+00  
Pm46         146          61           0.00000E+00  
Pm47         147          61           0.00000E+00  
Pm48         148          61           0.00000E+00  
Pm49         149          61           0.00000E+00  
Pm50         150          61           0.00000E+00  
Pm51         151          61           0.00000E+00  
Sm44         144          62           1.42410E-12  
Sm45         145          62           0.00000E+00  
Sm46         146          62           0.00000E+00  
Sm47         147          62           1.01830E-10  
Sm48         148          62           1.89830E-10  
Sm49         149          62           4.87200E-11  
Sm50         150          62           1.75690E-10  
Sm51         151          62           0.00000E+00  
Sm52         152          62           1.65180E-10  
Sm53         153          62           0.00000E+00  
Sm54         154          62           9.00090E-11  
Eu51         151          63           3.40320E-11  
Eu52         152          63           0.00000E+00  
Eu53         153          63           4.04930E-11  
Eu54         154          63           0.00000E+00  
Eu55         155          63           0.00000E+00  
Eu56         156          63           0.00000E+00  
Eu57         157          63           0.00000E+00  
Gd52         152          64           2.07340E-12  
Gd53         153          64           0.00000E+00  
Gd54         154          64           3.98350E-11  
Gd55         155          64           5.29710E-11  
Gd56         156          64           1.42230E-10  
Gd57         157          64           7.12520E-11  
Gd58         158          64           2.49220E-10  
Gd59         159          64           0.00000E+00  
Gd60         160          64           8.07590E-11  
Tb59         159          65           6.77120E-11  
Tb60         160          65           0.00000E+00  
Tb61         161          65           0.00000E+00  
Dy60         160          66           7.92250E-11  
Dy61         161          66           5.94130E-11  
Dy62         162          66           2.01060E-10  
Dy63         163          66           7.58300E-11  
Dy64         164          66           2.87410E-10  
Dy65         165          66           0.00000E+00  
Dy66         166          66           0.00000E+00  
Ho63         163          67           1.15050E-12  
Ho64         164          67           0.00000E+00  
Ho65         165          67           9.41960E-11  
Ho66         166          67           0.00000E+00  
Er64         164          68           3.52720E-11  
Er65         165          68           0.00000E+00  
Er66         166          68           1.33020E-10  
Er67         167          68           6.86540E-11  
Er68         168          68           2.32240E-10  
Er69         169          68           0.00000E+00  
Er70         170          68           1.28330E-10  
Er71         171          68           0.00000E+00  
Er72         172          68           0.00000E+00  
Tm69         169          69           5.48250E-11  
Tm70         170          69           0.00000E+00  
Tm71         171          69           0.00000E+00  
Tm72         172          69           0.00000E+00  
Tm73         173          69           0.00000E+00  
Yb70         170          70           6.32090E-11  
Yb71         171          70           1.08710E-10  
Yb72         172          70           2.45070E-10  
Yb73         173          70           1.20780E-10  
Yb74         174          70           5.31740E-10  
Yb75         175          70           0.00000E+00  
Yb76         176          70           1.47320E-10  
Yb77         177          70           0.00000E+00  
Lu75         175          71           8.01030E-11  
Lu76         176          71           1.25060E-11  
Lu77         177          71           0.00000E+00  
Hf76         176          72           9.25940E-11  
Hf77         177          72           7.17210E-11  
Hf78         178          72           2.92650E-10  
Hf79         179          72           1.04490E-10  
Hf80         180          72           5.44840E-10  
Hf81         181          72           0.00000E+00  
Hf82         182          72           5.46610E-11  
Hf83         183          72           0.00000E+00  
Hf84         184          72           0.00000E+00  
Ta79         179          73           0.00000E+00  
Ta80         180          73           0.00000E+00  
Ta81         181          73           1.19520E-10  
Ta82         182          73           0.00000E+00  
Ta83         183          73           0.00000E+00  
Ta84         184          73           0.00000E+00  
W180         180          74           0.00000E+00  
W181         181          74           0.00000E+00  
W182         182          74           1.98670E-10  
W183         183          74           1.45920E-10  
W184         184          74           3.61480E-10  
W185         185          74           0.00000E+00  
W186         186          74           1.90500E-10  
W187         187          74           0.00000E+00  
W188         188          74           0.00000E+00  
Re85         185          75           7.78830E-11  
Re86         186          75           0.00000E+00  
Re87         187          75           5.59630E-11  
Re88         188          75           0.00000E+00  
Re89         189          75           0.00000E+00  
Os86         186          76           1.12520E-10  
Os87         187          76           3.36840E-11  
Os88         188          76           3.18860E-10  
Os89         189          76           9.10510E-11  
Os90         190          76           3.75830E-10  
Os91         191          76           0.00000E+00  
Os92         192          76           2.96490E-10  
Os93         193          76           0.00000E+00  
Os94         194          76           0.00000E+00  
Ir91         191          77           1.22910E-10  
Ir92         192          77           0.00000E+00  
Ir93         193          77           1.89610E-10  
Ir94         194          77           0.00000E+00  
Ir95         195          77           0.00000E+00  
Pt92         192          78           8.69480E-11  
Pt93         193          78           0.00000E+00  
Pt94         194          78           5.46400E-10  
Pt95         195          78           2.75790E-10  
Pt96         196          78           6.26540E-10  
Pt97         197          78           0.00000E+00  
Pt98         198          78           1.15530E-10  
Au97         197          79           2.07870E-10  
Au98         198          79           0.00000E+00  
Au99         199          79           0.00000E+00  
Hg98         198          80           4.53470E-10  
Hg99         199          80           2.43500E-10  
Hg00         200          80           7.39550E-10  
Hg01         201          80           3.18340E-10  
Hg02         202          80           1.18730E-09  
Hg03         203          80           0.00000E+00  
Hg04         204          80           1.08340E-10  
Tl03         203          81           5.53350E-10  
Tl04         204          81           0.00000E+00  
Tl05         205          81           8.68330E-10  
Pb04         204          82           6.07500E-10  
Pb05         205          82           3.83970E-11  
Pb06         206          82           8.67050E-09  
Pb07         207          82           1.00570E-08  
Pb08         208          82           2.38460E-07  
Pb09         209          82           0.00000E+00  
Pb10         210          82           0.00000E+00  
Bi09         209          83           5.48200E-09  
Bi10         210          83           0.00000E+00  
Po10         210          84           0.00000E+00  
