# Final abundances
# El  Z   log e(X)   [X/H]    [X/Fe]     [X/O]      X(i)
  p   1  12.000000  0.000000  0.000000  0.000000 5.21538E-01
 he   2  11.357662  0.427662  1.681623  1.529739 4.71926E-01
 li   3  -0.417072 -3.677072 -2.423111 -2.574995 1.37459E-12
 be   4  -3.205940 -4.505940 -3.251979 -3.403863 2.90206E-15
  b   5   0.000000 -2.790000  0.000000  0.000000 7.69925E-29
  c   6   8.531471  0.061471  1.315432  1.163548 2.11288E-03
  n   7   9.046242  1.176242  2.430203  2.278319 8.06142E-03
  o   8   7.627923 -1.102077  0.151884  0.000000 3.51431E-04
  f   9   4.188894 -0.231106  1.022855  0.870971 1.51854E-07
 ne  10   7.443624 -0.526376  0.727585  0.575701 2.89982E-04
 na  11   5.776768 -0.463232  0.790729  0.638845 7.11430E-06
 mg  12   6.684073 -0.955926  0.298035  0.146151 6.07568E-05
 al  13   5.429204 -1.020796  0.233165  0.081281 3.75062E-06
 si  14   6.333493 -1.216507  0.037454 -0.114430 3.13190E-05
  p  15   4.323772 -1.086227  0.167734  0.015850 3.37750E-07
  s  16   5.910044 -1.239956  0.014005 -0.137879 1.34865E-05
 cl  17   4.017906 -1.212094  0.041867 -0.110017 1.91155E-07
 ar  18   5.188953 -1.251047  0.002914 -0.148970 3.19355E-06
  k  19   3.854356 -1.225644  0.028317 -0.123567 1.44656E-07
 ca  20   5.035014 -1.254986 -0.001025 -0.152909 2.24774E-06
 sc  21   1.985167 -1.064833  0.189128  0.037244 2.24791E-09
 ti  22   3.667960 -1.242040  0.011921 -0.139963 1.15298E-07
  v  23   2.704759 -1.255241 -0.001280 -0.153164 1.33555E-08
 cr  24   4.369387 -1.270613 -0.016652 -0.168536 6.29771E-07
 mn  25   4.224053 -1.255947 -0.001986 -0.153870 4.76158E-07
 fe  26   6.286039 -1.253961  0.000000 -0.151884 5.58275E-05
 co  27   3.968439 -0.901561  0.352400  0.200516 2.83546E-07
 ni  28   5.043344 -1.156655  0.097306 -0.054578 3.35549E-06
 cu  29   3.589024 -0.660976  0.592985  0.441101 1.27625E-07
 zn  30   3.622703 -1.007298  0.246664  0.094779 1.41960E-07
 ga  31   2.501814 -0.578186  0.675775  0.523891 1.14555E-08
 ge  32   2.945709 -0.634291  0.619670  0.467786 3.31673E-08
 as  33   1.514025 -0.785975  0.467986  0.316102 1.26607E-09
 se  34   2.787351 -0.552649  0.701312  0.549428 2.50370E-08
 br  35   1.945339 -0.594661  0.659300  0.507416 3.64530E-09
 kr  36   2.912073 -0.337927  0.916034  0.764150 3.54105E-08
 rb  37   2.263738 -0.256262  0.997699  0.845815 8.11646E-09
 sr  38   2.456002 -0.423998  0.829963  0.678079 1.29548E-08
  y  39   1.739199 -0.470801  0.783160  0.631276 2.52322E-09
 zr  40   2.016053 -0.513947  0.740014  0.588130 4.89764E-09
 nb  41   0.790273 -0.619727  0.634234  0.482350 2.96580E-10
 mo  42   1.132145 -0.807855  0.446106  0.294222 6.72930E-10
 tc  43   0.000000 -9.000000  0.000000  0.000000 0.00000E+00
 ru  44   0.816098 -0.943902  0.310059  0.158175 3.42410E-10
 rh  45  -0.034372 -1.094372  0.159589  0.007705 4.91919E-11
 pd  46   0.725230 -0.924770  0.329191  0.177307 2.92468E-10
 ag  47   0.117485 -1.082515  0.171446  0.019562 7.31481E-11
 cd  48   0.800013 -0.909987  0.343974  0.192090 3.66984E-10
 in  49  -0.262664 -1.022664  0.231297  0.079413 3.24468E-11
 sn  50   1.124459 -0.945541  0.308420  0.156536 8.18034E-10
 sb  51  -0.278742 -1.288742 -0.034781 -0.186665 3.31580E-11
 te  52   0.726846 -1.453154 -0.199193 -0.351077 3.51983E-10
  i  53   0.320550 -1.229450  0.024511 -0.127373 1.37357E-10
 xe  54   1.094824 -1.145176  0.108785 -0.043099 8.45066E-10
 cs  55  -0.076657 -1.156657  0.097304 -0.054580 5.76381E-11
 ba  56   1.284575 -0.895426  0.358536  0.206651 1.36822E-09
 la  57   0.134354 -1.035646  0.218315  0.066431 9.79265E-11
 ce  58   0.524800 -1.055200  0.198761  0.046877 2.42724E-10
 pr  59  -0.371738 -1.131738  0.122223 -0.029661 3.09758E-11
 nd  60   0.292959 -1.157041  0.096920 -0.054964 1.46511E-10
 pm  61  -6.844893 -9.000000  0.000000  0.000000 1.07226E-17
 sm  62  -0.362283 -1.302283 -0.048322 -0.200206 3.37812E-11
 eu  63  -0.737171 -1.247171  0.006790 -0.145094 1.44011E-11
 gd  64  -0.272300 -1.322300 -0.068339 -0.220223 4.34627E-11
 tb  65  -0.920463 -1.240463  0.013499 -0.138386 9.87540E-12
 dy  66  -0.090680 -1.220680  0.033281 -0.118603 6.82337E-11
 ho  67  -0.774736 -1.244736  0.009225 -0.142659 1.43347E-11
 er  68  -0.303985 -1.223985  0.029976 -0.121908 4.29764E-11
 tm  69  -1.108846 -1.228846  0.025115 -0.126769 6.80295E-12
 yb  70  -0.302307 -1.222307  0.031654 -0.120230 4.46339E-11
 lu  71  -1.102904 -1.192904  0.061057 -0.090827 7.14294E-12
 hf  72  -0.439556 -1.149556  0.104405 -0.047479 3.35647E-11
 ta  73  -1.296236 -1.176236  0.077725 -0.074159 4.73307E-12
  w  74  -0.495634 -1.145634  0.108327 -0.043557 3.03831E-11
 re  75  -0.964527 -1.224527  0.029434 -0.122450 1.04543E-11
 os  76   0.108665 -1.241336  0.012626 -0.139259 1.26406E-10
 ir  77   0.061824 -1.258176 -0.004215 -0.156099 1.14668E-10
 pt  78   0.338655 -1.281345 -0.027383 -0.179268 2.20135E-10
 au  79  -0.448815 -1.248815  0.005146 -0.146738 3.62580E-11
 hg  80  -0.024341 -1.194341  0.059620 -0.092264 9.81282E-11
 tl  81  -0.356076 -1.126076  0.127885 -0.023999 4.65794E-11
 pb  82   0.847426 -1.192574  0.061388 -0.090497 7.54469E-10
 bi  83  -0.570495 -1.220495  0.033466 -0.118418 2.90694E-11
 po  84   0.000000 -9.000000  0.000000  0.000000 0.00000E+00
#[ls/Fe]_Thiswork =   0.7844, [hs/Fe]_Thiswork =   0.2585
#[hs/ls]_Thiswork =  -0.5258, [Pb/hs]_Thiswork =  -0.1971
# C/O =  8.0083E+00, c12/c13 = 1.25254E+01, n14/n15 = 6.05203E+04
# o16/o17 = 4.92871E+02, o16/o18 = 1.40946E+06
# mg24/mg25 =  1.1724E+00, mg24/mg26 =  1.1731E+00
# si28/si29 =  1.7875E+01, si28/si30 =  2.2905E+01
# cl36/cl35 =  0.0000E+00, cl37/cl35 =  4.4346E-01
